Harry Kane;44;1,14;36;8
Kylian Mbappé;34;1,13;27;7
Cole Palmer;33;0,76;22;11
Erling Haaland;32;0,95;27;5
Ollie Watkins;32;0,53;19;13
Artem Dovbyk;32;0,83;24;8
Serhou Guirassy;31;1,14;28;3
Loïs Openda;31;0,8;24;7
Alexander Sørloth;29;0,83;23;6
Deniz Undav;28;0,78;18;10
Mohamed Salah;28;0,64;18;10
Son Heung-min;27;0,52;17;10
Robert Lewandowski;27;0,62;19;8
Phil Foden;27;0,6;19;8
Lautaro Martínez;27;0,81;24;3
Pierre-Emerick Aubameyang;25;0,58;17;8
Jude Bellingham;25;0,74;19;6
Bukayo Saka;25;0,49;16;9
Ermedin Demirović;24;0,47;15;9
Jonathan David;23;0,65;19;4
Olivier Giroud;23;0,57;15;8
Álex Grimaldo;23;0,32;10;13
Alexander Isak;23;0,84;21;2
Dominic Solanke;22;0,51;19;3
Florian Wirtz;22;0,42;11;11
Antoine Griezmann;22;0,54;16;6
Paulo Dybala;22;0,6;13;9
Victor Boniface;22;0,82;14;8
Jarrod Bowen;22;0,48;16;6
Marvin Ducksch;21;0,4;12;9
Anthony Gordon;21;0,34;11;10
Andrej Kramarić;21;0,61;15;6
Alexandre Lacazette;21;0,75;19;2
Jean-Philippe Mateta;21;0,63;16;5
Vinicius Júnior;20;0,72;15;5
Kai Havertz;20;0,44;13;7
Dušan Vlahović;20;0,62;16;4
Marcus Thuram;20;0,44;13;7
Niclas Füllkrug;20;0,49;12;8
Christian Pulisic;20;0,42;12;8
Matheus Cunha;19;0,44;12;7
Jan-Niklas Beste;19;0,28;8;11
Ante Budimir;19;0,63;17;2
Iago Aspas;19;0,3;9;10
Leon Bailey;19;0,44;10;9
Julián Álvarez;19;0,37;11;8
Xavi Simons;19;0,27;8;11
Leroy Sané;19;0,34;8;11
Sávio;19;0,27;9;10
Gorka Guruzeta;19;0,57;14;5
Nicolas Jackson;19;0,45;14;5
Darwin Núñez;19;0,48;11;8
Álvaro Morata;18;0,71;15;3
Victor Osimhen;18;0,68;15;3
Martin Ødegaard;18;0,23;8;10
Albert Guðmundsson;18;0,42;14;4
Rafael Leão;18;0,32;9;9
Ademola Lookman;18;0,52;11;7
Omar Marmoush;18;0,47;12;6
Gianluca Scamacca;18;0,74;12;6
Jonas Wind;18;0,37;11;7
Wissam Ben Yedder;18;0,62;16;2
Julian Brandt;18;0,28;7;11
Charles De Ketelaere;18;0,44;10;8
Youssef En-Nesyri;18;0,56;16;2
Bruno Fernandes;18;0,29;10;8
Maximilian Beier;17;0,6;16;1
Rodri;17;0,25;8;9
Kevin Stöger;17;0,24;7;10
Khvicha Kvaratskhelia;17;0,36;11;6
Teun Koopmeiners;17;0,41;12;5
Georges Mikautadze;17;0,67;13;4
Borja Mayoral;16;0,63;15;1
Gerard Moreno;16;0,41;10;6
Michael Olise;16;0,71;10;6
Romelu Lukaku;16;0,44;13;3
Jørgen Strand Larsen;16;0,41;13;3
Benjamin Šeško;16;0,83;14;2
Nico Williams;16;0,2;5;11
Duván Zapata;16;0,37;12;4
Alex Baena;16;0,07;2;14
Hakan Çalhanoğlu;16;0,46;13;3
Thijs Dallinga;16;0,5;14;2
Romain Del Castillo;16;0,29;8;8
Vincenzo Grifo;16;0,31;8;8
Jeremie Frimpong;16;0,36;9;7
Chris Führich;15;0,28;8;7
Morgan Gibbs-White;15;0,14;5;10
Matteo Politano;15;0,31;8;7
Bruno Guimarães;15;0,19;7;8
Raphinha;15;0,39;6;9
Declan Rice;15;0,2;7;8
Richarlison;15;0,66;11;4
Eren Dinkçi;15;0,34;10;5
Eberechi Eze;15;0,48;11;4
Hugo Duro;15;0,39;13;2
Benjamin Bourigeaud;15;0,33;9;6
Yoane Wissa;15;0,43;12;3
Chris Wood;15;0,7;14;1
Iñaki Williams;15;0,38;12;3
Viktor Tsyhankov;15;0,35;8;7
Bernardo Silva;15;0,21;6;9
Rodrygo;15;0,38;10;5
Téji Savanier;15;0,29;9;6
Tim Kleindienst;15;0,38;12;3
Hwang Hee-chan;15;0,51;12;3
Joshua Zirkzee;15;0,36;11;4
Brennan Johnson;15;0,22;5;10
Willian José;15;0,46;10;5
Carlton Morris;15;0,35;11;4
Jamal Musiala;15;0,51;10;5
Bryan Mbeumo;15;0,41;9;6
Takumi Minamino;15;0,38;9;6
Thomas Müller;14;0,27;5;9
İlkay Gündoğan;14;0,15;5;9
Mohammed Kudus;14;0,29;8;6
Douglas Luiz;14;0,27;9;5
Donyell Malen;14;0,66;13;1
Matìas Soulé;14;0,32;11;3
James Ward-Prowse;14;0,21;7;7
Anthony Elanga;14;0,18;5;9
Brahim Díaz;14;0,47;8;6
Moussa Diaby;14;0,25;6;8
Kevin De Bruyne;14;0,29;4;10
Marco Reus;14;0,34;6;8
Mason Greenwood;14;0,27;8;6
Pascal Groß;14;0,12;4;10
Nicolás González;14;0,56;12;2
Leon Goretzka;13;0,24;6;7
Cody Gakpo;13;0,44;8;5
Luis Díaz;13;0,27;8;5
Sergio Arribas;13;0,4;9;4
Leandro Trossard;13;0,65;12;1
Florian Sotoca;13;0,24;7;6
James Maddison;13;0,17;4;9
Diogo Jota;13;0,79;10;3
Isco;13;0,31;8;5
Terem Moffi;13;0,51;11;2
Riccardo Orsolini;12;0,5;10;2
Mikel Oyarzabal;12;0,38;9;3
Mario Pašalić;12;0,26;6;6
Andrea Pinamonti;12;0,32;11;1
Joselu;12;0,53;10;2
João Pedro;12;0,4;9;3
Edon Zhegrova;12;0,24;6;6
Robin Hack;12;0,67;10;2
Jonas Hofmann;12;0,2;5;7
Franck Honorat;12;0,12;3;9
Rasmus Højlund;12;0,42;10;2
Lorenzo Lucca;12;0,28;8;4
Raheem Sterling;12;0,36;8;4
Cristhian Stuani;12;1,01;9;3
Myrto Uzuni;12;0,4;11;1
Phillip Tietz;12;0,3;8;4
Mathys Tel;12;0,6;7;5
Elye Wahi;12;0,48;9;3
Luis Alberto;12;0,19;5;7
Folarin Balogun;12;0,37;7;5
Ihlas Bebou;12;0,39;7;5
Domenico Berardi;12;0,57;9;3
Jeremie Boga;12;0,27;6;6
Antonio Candreva;12;0,2;6;6
Muhammed Cham;12;0,28;8;4
Andrea Colpani;12;0,27;8;4
Conor Gallagher;12;0,14;5;7
Aleksandr Golovin;12;0,25;6;6
Portu;12;0,53;7;5
Gonçalo Ramos;12;0,7;11;1
Michael Gregoritsch;11;0,37;7;4
Alassane Pléa;11;0,33;7;4
Alejandro Garnacho;11;0,25;7;4
Federico Dimarco;11;0,22;5;6
Ousmane Dembélé;11;0,18;3;8
Kamory Doumbia;11;0,61;6;5
Jeremy Doku;11;0,17;3;8
Ángel Correa;11;0,53;9;2
Federico Chiesa;11;0,37;9;2
Giacomo Bonaventura;11;0,32;8;3
Mohamed Bamba;11;0,63;8;3
Bradley Barcola;11;0,26;4;7
Jordan Ayew;11;0,14;4;7
Maghnes Akliouche;11;0,39;7;4
Felipe Anderson;11;0,16;5;6
Vitinha;11;0,3;7;4
Kieran Trippier;11;0,04;1;10
Pablo Sarabia;11;0,21;4;7
Takefusa Kubo;11;0,29;7;4
Dejan Kulusevski;11;0,26;8;3
Randal Kolo Muani;11;0,43;6;5
Arnaud Kalimuendo;11;0,42;10;1
Lorenzo Pellegrini;11;0,39;8;3
Brais Méndez;11;0,19;5;6
Pedro Neto;11;0,12;2;9
Rodrigo Muniz;10;0,51;9;1
Jacob Murphy;10;0,23;3;7
Mostafa Mohamed;10;0,36;8;2
Henrikh Mkhitaryan;10;0,06;2;8
John McGinn;10;0,18;6;4
Andreas Pereira;10;0,1;3;7
Lucas Paquetá;10;0,14;4;6
Ayoze Pérez;10;0,35;9;1
Junya Ito;10;0,1;3;7
Gustavo Hamer;10;0,12;4;6
Marcos Llorente;10;0,21;6;4
Alexis Mac Allister;10;0,17;5;5
Lovro Majer;10;0,21;5;5
Gabriel Martinelli;10;0,27;6;4
Romano Schmid;10;0,14;4;6
Antoine Semenyo;10;0,34;8;2
Martin Terrier;10;0,41;7;3
Mitchell Weiser;10;0,1;3;7
Callum Wilson;10;0,82;9;1
Harry Wilson;10;0,22;4;6
Wout Weghorst;10;0,32;7;3
Lamine Yamal;10;0,2;5;5
Elijah Adebayo;10;0,63;10;0
Amine Adli;10;0,4;4;6
Álex Berenguer;10;0,4;7;3
Mahdi Camara;10;0,31;7;3
Jonathan Burkardt;10;0,47;8;2
Alfie Doughty;10;0,06;2;8
João Félix;10;0,41;7;3
Amine Gouiri;10;0,3;7;3
Pedro Porro;10;0,09;3;7
David Raum;10;0,07;2;8
Marcus Rashford;9;0,28;7;2
Rocco Reitz;9;0,25;6;3
Mateo Retegui;9;0,28;7;2
Luis Rioja;9;0,18;5;4
Grischa Prömel;9;0,17;4;5
Robin Gosens;9;0,24;6;3
Aleix García;9;0,08;3;6
Davide Frattesi;9;0,57;6;3
Lewis Ferguson;9;0,2;6;3
Emanuel Emegha;9;0,35;8;1
Harvey Elliott;9;0,2;3;6
Ritsu Doan;9;0,28;7;2
Mohammed Daramy;9;0,22;4;5
Yan Couto;9;0,04;1;8
Dominic Calvert-Lewin;9;0,29;7;2
Lucas Boyé;9;0,21;6;3
Taiwo Awoniyi;9;0,52;6;3
Ross Barkley;9;0,17;5;4
Dilane Bakwa;9;0,12;3;6
Akor Adams;9;0,32;8;1
Marco Asensio;9;0,32;4;5
Teddy Teuma;9;0,26;6;3
Federico Valverde;9;0,06;2;7
Ruben Vargas;9;0,18;4;5
Lucas Vázquez;9;0,19;3;6
Ferrán Torres;9;0,52;7;2
Marcos Senesi;9;0,16;4;5
Tomáš Souček;9;0,22;7;2
Oihan Sancet;9;0,18;4;5
Iván Martín;9;0,16;5;4
Zito Luvumbo;9;0,18;4;5
Diego López;9;0,1;3;6
Samuel Lino;9;0,17;4;5
Armand Lauriente;9;0,15;5;4
Ansgar Knauff;9;0,3;7;2
Toni Kroos;9;0,04;1;8
Achraf Hakimi;9;0,19;4;5
Miguel Gutiérrez;9;0,06;2;7
Callum Hudson-Odoi;9;0,39;8;1
Lucas Höler;9;0,27;7;2
Theo Hernández;9;0,16;5;4
Lee Jae-sung;9;0,26;6;3
Gabriel Jesus;9;0,24;4;5
Florian Kainz;9;0,2;5;4
Matteo Pessina;9;0,17;6;3
Dani Olmo;9;0,25;4;5
Samu Omorodion;9;0,38;8;1
Oliver McBurnie;9;0,42;6;3
Dwight McNeil;9;0,09;3;6
Neal Maupay;9;0,41;6;3
Enzo Millot;9;0,2;5;4
Vedat Muriqi;9;0,27;7;2
Tijjani Noslin;9;0,34;5;4
Justin Njinmah;8;0,53;6;2
Arnaud Nordin;8;0,36;5;3
Cyril Ngonge;8;0,38;6;2
Steve Mounié;8;0,31;6;2
Mikel Merino;8;0,18;5;3
Luka Modrić;8;0,11;2;6
Florent Mollet;8;0,17;4;4
Aleksei Miranchuk;8;0,23;3;5
Scott McTominay;8;0,33;7;1
Noah Okafor;8;0,61;6;2
Leandro Paredes;8;0,1;3;5
Daniel Parejo;8;0,1;3;5
Exequiel Palacios;8;0,2;4;4
Jordan Pefok;8;0,32;5;3
Eli Junior Kroupi;8;0,42;5;3
Ciro Immobile;8;0,38;7;1
Nikola Krstović;8;0,27;7;1
Justin Kluivert;8;0,33;7;1
Jamie Leweling;8;0,24;4;4
Fermin López;8;0,5;8;0
Sean Longstaff;8;0,2;6;2
Lazar Samardzic;8;0,23;6;2
Martin Satriano;8;0,19;4;4
Kirian Rodríguez;8;0,17;6;2
Isaac Romero;8;0,35;4;4
Wesley Saïd;8;0,62;7;1
Tomáš Suslov;8;0,13;3;5
Vincent Sierro;8;0,24;6;2
Moses Simon;8;0,15;3;5
Tim Skarke;8;0,3;8;0
José Luis García Vayá;8;0,19;7;1
Florian Thauvin;8;0,26;5;3
Youri Tielemans;8;0,11;2;6
Bryan Zaragoza;8;0,33;6;2
Ben White;8;0,12;4;4
Marko Arnautović;8;0,56;5;3
Michail Antonio;8;0,32;6;2
Harvey Barnes;8;0,56;5;3
Lucas Beltrán;8;0,32;6;2
Raoul Bellanova;8;0,03;1;7
Walid Cheddira;8;0,3;7;1
Rodrigo De Paul;8;0,13;3;5
Denzel Dumfries;8;0,22;4;4
Désiré Doué;8;0,22;4;4
Anastasios Douvikas;8;0,7;7;1
Junior Dina Ebimbe;8;0,23;5;3
Abdoulaye Doucouré;8;0,24;7;1
Youssouf Fofana;8;0,13;4;4
Lyle Foster;8;0,24;5;3
Angel Gomes;8;0;0;8
Adrien Rabiot;8;0,17;5;3
Rodrigo Riquelme;8;0,18;3;5
Bobby Reid;8;0,38;6;2
Giacomo Raspadori;8;0,28;5;3
Largie Ramazani;8;0,17;3;5
Raúl;7;0,4;6;1
Diego Rico;7;0;0;7
Abdón Prats;7;0,43;6;1
Yussuf Poulsen;7;0,37;5;2
Florian Grillitsch;7;0,04;1;6
Brajan Gruda;7;0,22;4;3
Morten Frendrup;7;0,06;2;5
Álvaro García;7;0,22;6;1
Alfred Duncan;7;0,1;2;5
Éderson;7;0,19;6;1
Odsonne Édouard;7;0,41;7;0
Giovanni Fabbian;7;0,43;5;2
Alphonso Davies;7;0,09;2;5
Sergi Darder;7;0,08;2;5
Bryan Cristante;7;0,08;3;4
Vladimír Coufal;7;0;0;7
Bafodé Diakité;7;0,27;5;2
Giovanni Di Lorenzo;7;0,03;1;6
Rayan Cherki;7;0,05;1;6
Jonathan Clauss;7;0,13;3;4
Matteo Cancellieri;7;0,2;4;3
Dani Carvajal;7;0,17;4;3
Valentín Castellanos;7;0,21;4;3
Cristiano Biraghi;7;0,08;2;5
Riccardo Calafiori;7;0,08;2;5
Ben Brereton;7;0,49;6;1
Takuma Asano;7;0,27;6;1
Jesús Areso;7;0,03;1;6
Simon Adingra;7;0,24;6;1
Trent Alexander-Arnold;7;0,13;3;4
Mattia Zaccagni;7;0,28;6;1
Yusuf Yazıcı;7;0,34;5;2
Kevin Volland;7;0,2;3;4
Nicolas Viola;7;0,37;5;2
Kristian Thorstvedt;7;0,23;6;1
Nathan Tella;7;0,55;5;2
Marcus Tavernier;7;0,13;3;4
Loum Tchaouna;7;0,17;4;3
Musa Al-Taamari;7;0,23;5;2
Matías Vecino;7;0,47;6;1
Robert Skov;7;0,21;3;4
Stephan El Shaarawy;7;0,16;3;4
Marcel Sabitzer;7;0,18;4;3
Patrik Schick;7;0,59;7;0
Ismaila Sarr;7;0,19;3;4
Alexis Sánchez;7;0,24;2;5
Ruben Loftus-Cheek;7;0,26;6;1
José Luis Morales;7;0,6;7;0
Noni Madueke;7;0,43;5;2
Frank Magri;7;0,31;5;2
Joshua Kimmich;7;0,04;1;6
Gaëtan Laborde;7;0,24;5;2
Alex Iwobi;7;0,21;5;2
Luka Jović;7;0,62;6;1
Raúl Jiménez;7;0,45;7;0
Pavel Kadeřábek;7;0,11;3;4
Lee Kang-in;7;0,18;3;4
Silas Katompa;7;0,5;5;2
Jon Guridi;7;0,1;3;4
Lucas Ocampos;7;0,13;4;3
Christopher Operi;7;0,11;3;4
Roberto Pereyra;7;0,19;4;3
Weston McKennie;7;0;0;7
Kaoru Mitoma;7;0,18;3;4
Dany Mota;7;0,18;4;3
Mykhailo Mudryk;7;0,29;5;2
Marshall Munetsi;7;0,17;4;3
M'Baye Niang;7;0,76;6;1
Shamar Nicholson;7;0,24;4;3
Nathan N'Goumou;7;0,32;5;2
Eddie Nketiah;7;0,42;5;2
Dara O'Shea;7;0,09;3;4
M'Bala Nzola;6;0,17;3;3
Iliman Ndiaye;6;0,17;3;3
Florian Neuhaus;6;0,29;4;2
Maximilian Mittelstädt;6;0,09;2;4
Alberto Moleiro;6;0,15;3;3
Memphis;6;0,5;5;1
James Mcatee;6;0,15;3;3
Jaime Mata;6;0,25;5;1
Pape Matar Sarr;6;0,13;3;3
Lucas Martínez Quarta;6;0,2;5;1
Marvin Pieringer;6;0,18;3;3
Jake O'Brien;6;0,15;4;2
Pedri;6;0,24;4;2
Malo Gusto;6;0;0;6
Arda Güler;6;1,43;6;0
Milan Đurić;6;0,37;5;1
Nadir Zortea;6;0,07;1;5
Jack Harrison;6;0,12;3;3
Abdou Harroui;6;0,26;3;3
Benjamin Henrichs;6;0,04;1;5
Philipp Hofmann;6;0,23;4;2
Grigoris Kastanos;6;0,18;3;3
Fredrik Jensen;6;0,13;2;4
Mathias Jensen;6;0,12;3;3
Luis Javier Suárez;6;0,59;6;0
Mohamed Lamine Bayo;6;0,32;5;1
Giulio Maggiore;6;0,2;4;2
Dodi Lukebakio;6;0,4;5;1
Óscar de Marcos;6;0,04;1;5
Arne Maier;6;0,18;2;4
Rolando Mandragora;6;0,17;3;3
Keven Schlotterbeck;6;0,21;5;1
Emmanuel Sabbi;6;0,28;5;1
Alexis Saelemaekers;6;0,19;4;2
Merlin Röhl;6;0,12;2;4
Dani Rodríguez;6;0,07;2;4
Eldor Shomurodov;6;0,29;3;3
Davie Selke;6;0,43;6;0
Angelo Stiller;6;0,03;1;5
Matthieu Udol;6;0,1;3;3
Ivan Toney;6;0,25;4;2
Carlos Vicente;6;0,16;2;4
Danny Welbeck;6;0,27;5;1
Willian;6;0,18;4;2
Robert Andrich;6;0,21;4;2
Zeki Amdouni;6;0,23;5;1
Lameck Banda;6;0,13;2;4
Léo Baptistão;6;0,29;6;0
Saïd Benrahma;6;0,35;3;3
Christoph Baumgartner;6;0,39;5;1
Marco Brescianini;6;0,16;4;2
Josh Brownhill;6;0,16;4;2
Jacob Bruun Larsen;6;0,43;6;0
Fares Chaïbi;6;0,09;2;4
João Cancelo;6;0,07;2;4
Kingsley Coman;6;0,24;3;3
Oumar Diakité;6;0,28;5;1
David Pereira da Costa;6;0,24;4;2
Romain Faivre;6;0,31;5;1
Evan Ferguson;6;0,4;6;0
Hugo Ekitike;6;0,5;4;2
Alberto Dossena;6;0,06;2;4
Fran Garcia;6;0,06;1;5
Kévin Gameiro;6;0,27;4;2
Michael Folorunsho;6;0,16;5;1
Evann Guessand;6;0,35;6;0
Antonee Robinson;6;0;0;6
Tijjani Reijnders;6;0,1;3;3
Chris Ramos;6;0,17;5;1
Antonio Raillo;5;0,12;3;2
Sergi Roberto;5;0,31;3;2
Lucas Robertone;5;0;0;5
Mattéo Guendouzi;5;0,08;2;3
Javier Guerra;5;0,14;4;1
Gonçalo Guedes;5;0,28;3;2
Julien Ponceau;5;0,12;3;2
Alessandro Florenzi;5;0,05;1;4
Pablo Fornals;5;0,24;3;2
Przemysław Frankowski;5;0,12;3;2
Gianluca Gaetano;5;0,48;4;1
Eric García;5;0,17;5;0
Rubén García;5;0,17;3;2
Mario Götze;5;0,13;3;2
Jamie Gittens;5;0,09;1;4
Valentin Gendrey;5;0,06;2;3
Yann Gboho;5;0,23;3;2
Caleb Ekuban;5;0,32;4;1
Jhon Durán;5;0,95;5;0
Ondrej Duda;5;0,04;1;4
Enzo Fernández;5;0,12;3;2
Pervis Estupiñán;5;0,14;2;3
Adri Embarba;5;0,11;3;2
Arne Engels;5;0,19;3;2
Lorenzo Colombo;5;0,26;4;1
Tomáš Čvančara;5;0,4;4;1
Josh Cullen;5;0,09;2;3
Diogo Dalot;5;0,06;2;3
David Datro Fofana;5;0,41;4;1
Bamba Dieng;5;0,66;4;1
Ryan Christie;5;0;0;5
Valentin Carboni;5;0,15;2;3
Marc Cardona;5;0,5;4;1
Václav Černý;5;0,39;4;1
Josué Casimir;5;0;0;5
Moritz Broschinski;5;0,14;2;3
Lamine Camara;5;0,04;1;4
Andrea Cambiaso;5;0,08;2;3
Marius Bülter;5;0,07;1;4
Anthony Caci;5;0,07;2;3
Tom Cairney;5;0,06;1;4
Ludovic Blas;5;0,23;4;1
Ander Barrenetxea;5;0,25;4;1
Andrea Belotti;5;0,4;3;2
Antonín Barák;5;0,22;2;3
Leandro Barreiro Martins;5;0,14;4;1
Nicolò Barella;5;0,06;2;3
Jonathan Bamba;5;0,14;3;2
André Ayew;5;0,41;5;0
Joachim Andersen;5;0,05;2;3
Michael Amir Murillo;5;0,27;3;2
Nadiem Amiri;5;0,07;1;4
Nabil Alioui;5;0,36;4;1
Cameron Archer;5;0,2;4;1
Matthis Abline;5;0,43;5;0
Maximilian Wöber;5;0,09;2;3
Timo Werner;5;0,22;2;3
Julian Weigl;5;0,07;2;3
Warren Zaïre-Emery;5;0,09;2;3
Jeong Woo-yeong;5;0,28;2;3
Yorbe Vertessen;5;0,46;3;2
Oscar Vilhelmsson;5;0,26;4;1
Destiny Udogie;5;0,08;2;3
Nikola Vlašić;5;0,1;3;2
Vitinha;5;0,29;3;2
Adama Traoré;5;0,48;2;3
Dominik Szoboszlai;5;0,13;3;2
Jonathan Tah;5;0,14;4;1
Jeremy Toljan;5;0;0;5
Suso;5;0,06;1;4
Williot Swedberg;5;1,03;5;0
Pascal Stenzel;5;0;0;5
Anton Stach;5;0,08;2;3
Riccardo Sottil;5;0,16;2;3
Caio Henrique Oliveira Silva;5;0;0;5
Mohamed Simakan;5;0,08;2;3
Andrew Robertson;5;0,16;3;2
Marten de Roon;5;0;0;5
Cristian Romero;5;0,16;5;0
Ibrahim Salah;5;0,69;4;1
Julian Ryerson;5;0,2;4;1
Xaver Schlager;5;0;0;5
Fabian Schär;5;0,12;4;1
Joe Scally;5;0,04;1;4
Antonio Sanabria;5;0,21;5;0
Mama Samba Baldé;5;0,33;2;3
Roland Sallai;5;0,15;3;2
Manu Sánchez;5;0;0;5
Morgan Sanson;5;0,09;2;3
Gianluca Mancini;5;0,13;4;1
Ruslan Malinovskyi;5;0,23;4;1
Ainsley Maitland-Niles;5;0,06;1;4
Daniel Maldini;5;1,08;4;1
Roger Martí;5;0,13;2;3
Manuel Locatelli;5;0,03;1;4
Kenny Lala;5;0,06;2;3
Cyle Larin;5;0,15;3;2
Darko Lazović;5;0,14;3;2
Mario Lemina;5;0,12;4;1
Luca de la Torre;5;0,05;1;4
Maxence Lacroix;5;0,15;4;1
Ablie Jallow;5;0,29;3;2
Tobias Kempe;5;0,2;3;2
Kiké;5;0,19;3;2
Benedict Hollerbach;5;0,35;5;0
Ivan Ilić;5;0,13;3;2
Yangel Herrera;5;0,21;5;0
Adam Hložek;5;0,39;2;3
Joško Gvardiol;5;0,15;4;1
Munir El Haddadi;5;0,11;3;2
Piotr Zieliński;5;0,14;3;2
Milan Đurić;5;0,29;4;1
Martín Zubimendi;5;0,14;4;1
Adrià Pedrosa;5;0,05;1;4
Leonardo Pavoletti;5;0,57;4;1
Isaac Palazón Camacho;5;0,13;4;1
João Palhinha;5;0,13;4;1
Remi Oudin;5;0,15;3;2
Wilson Odobert;5;0,13;3;2
Chiedozie Ogbene;5;0,18;4;1
Roberto Piccoli;5;0,33;5;0
Luca Pfeiffer;5;0,06;1;4
Mathias Pereira Lage;5;0,23;3;2
Francisco Perez;5;0,04;1;4
Luca Mazzitelli;5;0,2;5;0
Arthur Melo;5;0,09;2;3
Marvin Mehlem;5;0,18;3;2
Arkadiusz Milik;5;0,39;4;1
Nahuel Molina;5;0,1;2;3
Tyrick Mitchell;5;0,06;2;3
Niels Nkounkou;5;0,21;3;2
Saúl Ñíguez;5;0,07;1;4
Ernest Nuamah;5;0,15;3;2
Javier Muñoz;5;0,07;2;3
Joakim Mæhle;5;0,07;2;3
Keito Nakamura;5;0,26;4;1
Nahitan Nández;5;0,08;2;3
Youssoufa Moukoko;5;0,72;5;0
Alberto Moreno;4;0,12;2;2
Ilario Monterisi;4;0,12;2;2
Daniel Muñoz;4;0;0;4
Iker Muñoz;4;0,19;4;0
Luca Netz;4;0;0;4
Jon Moncayola;4;0,05;1;3
Dion Moise Sahi;4;0,43;3;1
Óscar Mingueza;4;0,06;2;2
Lewis Miley;4;0,07;1;3
Facundo Medina;4;0,03;1;3
Chancel Mbemba;4;0,08;2;2
Eric Maxim Choupo-Moting;4;0,25;2;2
Karim Onisiwo;4;0,06;1;3
Gonçalo Paciência;4;0,42;3;1
Martín Payero;4;0,1;2;2
Aleksandar Pavlovic;4;0,15;2;2
Alfonso Pedraza;4;0,08;1;3
Felix Passlack;4;0,19;2;2
Faris Pemi Moumbagna;4;0,49;3;1
Szymon Żurkowski;4;0,41;4;0
Matheus Henrique;4;0,07;2;2
Jonathan Ikone;4;0,16;3;1
Reda Khadra;4;0,07;1;3
Atakan Karazor;4;0;0;4
Daichi Kamada;4;0,12;2;2
Ozan Kabak;4;0,16;4;0
Julian Justvan;4;0,18;2;2
Juanmi;4;0,31;3;1
Vitaly Janelt;4;0,03;1;3
Gustav Isaksen;4;0,25;3;1
Daler Kuzyaev;4;0,09;2;2
Jakub Kiwior;4;0,1;1;3
Christoph Klarer;4;0,08;2;2
Koke;4;0;0;4
Filip Kostić;4;0;0;4
Pierre Lees-Melou;4;0,14;4;0
Florian Lejeune;4;0,08;3;1
Keane Lewis-Potter;4;0,19;3;1
Valentino Lazaro;4;0;0;4
Jérémy Le Douaron;4;0,22;4;0
Gianluca Lapadula;4;0,22;3;1
Giovani Lo Celso;4;0,36;2;2
Javi López;4;0,04;1;3
Sandi Lovrić;4;0,05;1;3
Imran Louza;4;0,1;1;3
Harry Maguire;4;0,11;2;2
Gabriel Magalhães;4;0,12;4;0
Deiver Machado;4;0,32;4;0
Darwin Machís;4;0,46;4;0
Solly March;4;0,49;3;1
Riccardo Marchizza;4;0;0;4
Nemanja Maksimović;4;0,11;4;0
Kobbie Mainoo;4;0,14;3;1
Linton Maina;4;0,05;1;3
Ian Maatsen;4;0,14;2;2
Nicola Sansone;4;0,23;2;2
Jadon Sancho;4;0,19;2;2
Antonio Sánchez;4;0,19;3;1
Albert Sambi Lokonga;4;0,07;1;3
Giorgio Scalvini;4;0,04;1;3
Jeffrey Schlupp;4;0,13;2;2
Jan Schöppner;4;0,09;2;2
Matteo Ruggeri;4;0;0;4
Fabián Ruiz Peña;4;0,08;1;3
Sergio Ruiz;4;0;0;4
Umar Sadiq;4;0,25;3;1
Morgan Rogers;4;0,42;3;1
Thiago Silva;4;0,11;3;1
Luis Sinisterra;4;0,26;2;2
Ellyes Skhiri;4;0,08;2;2
Carlos Soler;4;0,17;2;2
Jens Stage;4;0,12;3;1
Josip Stanišić;4;0,21;3;1
Mattias Svanberg;4;0,05;1;3
Gabriel Suazo;4;0;0;4
Harry Toffolo;4;0,06;1;3
Morten Thorsby;4;0,16;2;2
Cheikh Tidiane Sabaly;4;0,2;3;1
Nicolás Tagliafico;4;0,13;3;1
Aurélien Tchouaméni;4;0,14;3;1
Andros Townsend;4;0,07;1;3
Fikayo Tomori;4;0,17;4;0
Enes Ünal;4;0,55;2;2
Virgil van Dijk;4;0,06;2;2
Vanderson;4;0,16;3;1
Josha Vagnoman;4;0,15;2;2
Kyle Walker;4;0;0;4
Gonzalo Villar;4;0,05;1;3
Mikel Vesga;4;0,18;3;1
Denis Zakaria;4;0,17;4;0
Gabriele Zappa;4;0,04;1;3
Silvan Widmer;4;0,07;1;3
Maximilian Wittek;4;0,25;3;1
Brenden Aaronson;4;0,14;2;2
Yunis Abdelhamid;4;0,13;4;0
Francesco Acerbi;4;0,11;3;1
Karim Adeyemi;4;0,3;3;1
Rubén Alcaraz;4;0,09;3;1
Ruben Aguilar;4;0,05;1;3
Nathan Aké;4;0,09;2;2
Ilias Akhomach;4;0,12;2;2
Christopher Antwi-Adjei;4;0,15;2;2
Houssem Aouar;4;0,48;4;0
Faride Alidou;4;0,28;4;0
Miguel Almirón;4;0,14;3;1
Benjamin André;4;0,14;4;0
Ezequiel Ávila;4;0,1;1;3
Oussama El Azzouzi;4;0,33;2;2
Milan Badelj;4;0,04;1;3
Nedim Bajrami;4;0,14;2;2
Carlos Benavídez;4;0,24;3;1
Ismaël Bennacer;4;0,16;2;2
Jean-Ricner Bellegarde;4;0,67;2;2
Kevin Behrens;4;0,29;4;0
Yuri Berchiche;4;0,14;3;1
Jóhann Berg Guðmundsson;4;0,08;1;3
Alessandro Bastoni;4;0,04;1;3
Sheraldo Becker;4;0,23;2;2
Philip Billing;4;0,13;2;2
Conor Bradley;4;0,12;1;3
Sven Botman;4;0,13;2;2
Federico Bonazzoli;4;0,27;3;1
Rafael Borré;4;0,36;4;0
Moisés Caicedo;4;0,03;1;3
Rémy Cabella;4;0,12;2;2
Facundo Buonanotte;4;0,2;3;1
Reece Burke;4;0;0;4
Dan Burn;4;0,07;2;2
Sergio Camello;4;0,16;3;1
Cristian Cásseres Jr.;4;0,05;1;3
Timothy Castagne;4;0,03;1;3
Matty Cash;4;0,08;2;2
Catena;4;0,04;1;3
William Carvalho;4;0,13;1;3
Maxence Caqueret;4;0,03;1;3
Davide Calabria;4;0,04;1;3
Emre Can;4;0,09;2;2
Andreas Christensen;4;0,09;2;2
Samuel Chukwueze;4;0,09;1;3
Tahith Chong;4;0,18;4;0
Lucas Digne;4;0,04;1;3
Habib Diarra;4;0,12;3;1
Boulaye Dia;4;0,31;4;0
Danilo;4;0,1;2;2
Jorge Cuenca;4;0,14;3;1
Lewis Dunk;4;0,09;3;1
Siriné Doucouré;4;0,21;1;3
Nicolás Domínguez;4;0,12;2;2
Nikola Dovedan;4;0,41;3;1
Federico Gatti;4;0,14;4;0
Serge Gnabry;4;0,62;3;1
Toti Gomes;4;0,03;1;3
Idrissa Gana Gueye;4;0,19;4;0
Marc Pubill;4;0,05;1;3
Jack Grealish;4;0,27;3;1
Marc Roca;4;0,09;2;2
Reinier;4;0,17;2;2
Amir Richardson;4;0,2;3;1
Sandro Ramírez;4;0,05;1;3
Sergio Reguilón;4;0;0;4
Luca Ranieri;3;0,09;2;1
Sergio Ramos;3;0,11;3;0
Ivan Rakitić;3;0,13;2;1
Samuele Ricci;3;0,04;1;2
Raphaël Guerreiro;3;0,23;3;0
Nemanja Radonjić;3;0,72;3;0
Stefan Posch;3;0,04;1;2
Antonino Gallo;3;0;0;3
Roberto Gagliardini;3;0,04;1;2
Matteo Gabbia;3;0,14;2;1
James Garner;3;0,03;1;2
Angelo Fulgini;3;0,07;1;2
Emil Forsberg;3;0,39;2;1
Malick Fofana;3;0,48;3;0
João Gomes;3;0,07;2;1
Moi Gómez;3;0,13;3;0
Gelabert;3;0,12;1;2
Yannick Gerhardt;3;0,11;2;1
Samuel Gigot;3;0,16;3;0
Rubén Duarte;3;0,1;2;1
Radu Drăgușin;3;0,11;2;1
Maximilian Eggestein;3;0,03;1;2
Christian Eriksen;3;0,08;1;2
Gonzalo Escalante;3;0,05;1;2
Nico Elvedi;3;0,07;2;1
Carlos Fernández;3;0,44;2;1
Khalil Fayad;3;0,26;3;0
Nabil Fekir;3;0,09;1;2
Matteo Darmian;3;0,07;2;1
Grégoire Defrel;3;0,12;1;2
Olivier Deman;3;0,13;2;1
Sepp van den Berg;3;0,1;3;0
Moussa Diarra;3;0,06;1;2
Joris Chotard;3;0;0;3
Lewis Cook;3;0;0;3
Sergi Canós;3;0,07;1;2
Sergi Cardona;3;0,03;1;2
Johnny Cardoso;3;0,07;1;2
Gaetano Castrovilli;3;0,25;1;2
Francesco Caputo;3;0,21;3;0
Casemiro;3;0,05;1;2
Mohamed Camara;3;0,09;1;2
Alessandro Buongiorno;3;0,11;3;0
Gleison Bremer;3;0,08;3;0
Jarrad Branthwaite;3;0,09;3;0
Lilian Brassier;3;0,1;3;0
Ângelo Borges;3;0;0;3
Willy Boly;3;0,13;2;1
Domagoj Bradarić;3;0;0;3
Luke Berry;3;0,56;2;1
Beto;3;0,28;3;0
Jayden Bogle;3;0,1;3;0
Leonardo Bittencourt;3;0,06;1;2
Daley Blind;3;0,03;1;2
Sander Berge;3;0,03;1;2
Victor Bernth Kristiansen;3;0;0;3
Nabil Bentaleb;3;0;0;3
Andrea Belotti;3;0,28;3;0
Jean-Ricner Bellegarde;3;0,19;2;1
Eliesse Ben Seghir;3;0,42;2;1
Tiemoué Bakayoko;3;0,14;2;1
Melvin Bard;3;0,03;1;2
Matthias Bader;3;0,05;1;2
Neil El Aynaoui;3;0,06;1;2
Sardar Azmoun;3;0,46;3;0
Carlos Augusto;3;0;0;3
Arthur Atta;3;0,1;1;2
Lorenz Assignon;3;0,07;1;2
Papa Amadou Diallo;3;0,2;2;1
Pontus Almqvist;3;0,09;2;1
Jim Allevinah;3;0,1;2;1
Domingos André Ribeiro Almeida;3;0,19;2;1
Waldemar Anton;3;0;0;3
Ronald Araújo;3;0,05;1;2
José Arnaiz;3;0,19;2;1
Maximilian Arnold;3;0,07;2;1
Kristjan Asllani;3;0,11;1;2
Joel Asoro;3;0,21;2;1
Kristoffer Ajer;3;0,1;2;1
Rayan Aït-Nouri;3;0,08;2;1
Mohamed Ali Cho;3;0,1;1;2
Sargis Adamyan;3;0,11;1;2
Yacine Adli;3;0,06;1;2
Zakaria Aboukhlal;3;0,36;3;0
Marcos Acuña;3;0,07;1;2
Laurent Abergel;3;0,06;2;1
Granit Xhaka;3;0,1;3;0
Adam Wharton;3;0;0;3
Davide Zappacosta;3;0,1;2;1
Arsen Zakharyan;3;0,07;1;2
Roman Yaremchuk;3;0,29;3;0
Jordan Veretout;3;0,04;1;2
Fabio Vieira;3;0,3;1;2
Miloš Veljković;3;0,09;2;1
Micky van de Ven;3;0,12;3;0
Matías Viña;3;0;0;3
Asier Villalibre;3;0,35;2;1
Jonathan Viera;3;0,29;2;1
Jonathan Viera;3;0;0;3
Mërgim Vojvoda;3;0;0;3
Luca Waldschmidt;3;0,24;3;0
Noah Weißhaupt;3;0,12;1;2
Kévin Van Den Kerkhof;3;0,05;1;2
Tuta;3;0,03;1;2
Kostas Tsimikas;3;0;0;3
Adrien Truffert;3;0,04;1;2
Corentin Tolisso;3;0,1;2;1
Issiaga Sylla;3;0,06;1;2
Adrien Thomasson;3;0,08;1;2
Steffen Tigges;3;0,37;3;0
Raúl de Tomás;3;0,07;1;2
Takehiro Tomiyasu;3;0,16;2;1
Alex Sola;3;0;0;3
Leonardo Spinazzola;3;0,07;1;2
André Silva;3;0,37;3;0
Giuliano Simeone;3;0,14;1;2
Kevin Sessa;3;0,27;3;0
Luka Romero;3;0,62;3;0
Óscar Rodríguez Arnaiz;3;0,19;2;1
Mads Roerslev;3;0,05;1;2
Jay Rodriguez;3;0,22;2;1
Ricardo Rodríguez;3;0,03;1;2
Aitor Ruibal;3;0,18;2;1
Amir Rrahmani;3;0,1;3;0
Nico Schlotterbeck;3;0,06;2;1
Kevin Schade;3;0,54;2;1
András Schäfer;3;0,07;1;2
Junior Sambia;3;0,09;1;2
Ricard Sánchez;3;0,12;3;0
Kike Salas;3;0,17;3;0
William Saliba;3;0,05;2;1
Tiago Santos;3;0,04;1;2
Reinildo Mandava;3;0,25;2;1
Răzvan Marin;3;0;0;3
Pablo Maffeo;3;0,06;1;2
José Luis Gayà;3;0,05;1;2
Charalambos Lykogiannis;3;0,2;2;1
Senne Lynen;3;0;0;3
Unai López;3;0,04;1;2
Anthony Losilla;3;0,03;1;2
David López;3;0,14;3;0
Anthony Lozano;3;0,35;3;0
Bradley Locko;3;0;0;3
Hugo Larsson;3;0,1;2;1
Aïssa Laïdouni;3;0;0;3
Konrad Laimer;3;0;0;3
Tariq Lamptey;3;0;0;3
Pol Lirola;3;0,12;2;1
Christian Kouamé;3;0,17;2;1
Jules Koundé;3;0,03;1;2
Grejohn Kyei;3;0,18;2;1
Giorgos Kyriakopoulos;3;0;0;3
Tom Krauß;3;0,07;1;2
Ko Itakura;3;0,17;3;0
Jakub Jankto;3;0,1;1;2
Kristijan Jakić;3;0,17;2;1
Kaio Jorge;3;0,33;3;0
Ismail Jakobs;3;0,06;1;2
Joelinton;3;0,14;2;1
Abdoul Kader Bamba;3;0,29;2;1
Waren Kamanzi;3;0;0;3
Yassine Kechta;3;0,1;2;1
Samuel Iling-Junior;3;0,11;1;2
Mats Hummels;3;0,17;3;0
Denis Huseinbasic;3;0;0;3
Pablo Ibáñez;3;0,08;1;2
Thomas Henry;3;0,81;3;0
Javi Hernández;3;0,04;1;2
Luiz Henrique;3;0;0;3
Piero Hincapié;3;0,06;1;2
Jack Hinshelwood;3;0,31;3;0
Ander Herrera;3;0;0;3
Gerard Gumbau;3;0;0;3
Christian Günter;3;0,08;1;2
Kurt Zouma;3;0,1;3;0
Oleksandr Zinchenko;3;0,05;1;2
Amadou Haidara;3;0,12;2;1
Emmanuel Gyasi;3;0,05;1;2
Amine Harit;3;0,05;1;2
Facundo Pellistri;3;0,15;2;1
Willian Pacho;3;0;0;3
Kevin Paredes;3;0,19;3;0
Emerson Palmieri;3;0,03;1;2
Frank Onyeka;3;0,08;1;2
Gaetano Oristanio;3;0,16;2;1
Aimar Oroz;3;0,08;2;1
Patrick Osterhage;3;0,1;2;1
Dango Ouattara;3;0,07;1;2
Clinton Mata;3;0;0;3
Philipp Max;3;0,07;1;2
Noussair Mazraoui;3;0;0;3
Benjamin Mendy;3;0,25;2;1
Sven Michel;3;0,31;2;1
Johan Mojica;3;0;0;3
Loïc Nego;3;0;0;3
Christopher Nkunku;3;0,61;3;0
Felix Nmecha;3;0,09;1;2
Christian Nørgaard;3;0,07;2;1
Simeon Nwankwo;3;0,39;3;0
Luis Muriel;3;0,44;2;1
Obite N'Dicka;3;0;0;3
Phillipp Mwene;3;0,05;1;2
Yerson Mosquera;3;0,15;2;1
Lebo Mothiba;3;0,44;3;0
Gonzalo Montiel;2;0;0;2
Álex Moreno;2;0,17;2;0
Ilaix Moriba;2;0;0;2
Manu Morlanes;2;0;0;2
Vitaliy Mykolenko;2;0,07;2;0
Kévin N'Doram;2;0;0;2
Matija Nastasić;2;0,08;2;0
Murillo;2;0;0;2
Yunus Musah;2;0;0;2
Aihen Muñoz;2;0;0;2
Iker Muniain;2;0,3;2;0
Fabian Nürnberger;2;0,06;1;1
Randy Nteka;2;0,16;1;1
Matheus Nunes;2;0;0;2
Dan Ndoye;2;0,05;1;1
Roberto Navarro;2;0,05;1;1
Jesús Navas;2;0;0;2
Rasmus Nicolaisen;2;0,06;2;0
Junior Mwanga;2;0,06;1;1
Carlos Neva;2;0;0;2
Ignasi Miquel;2;0,03;1;1
Rafa Mir;2;0,46;2;0
Kim Min-jae;2;0,05;1;1
Yerry Mina;2;0,15;2;0
Juan Miranda;2;0,05;1;1
Lucas Mincarelli;2;0,09;1;1
Fabio Miretti;2;0,08;1;1
James Milner;2;0;0;2
Nuno Mendes;2;0,34;1;1
Bruno Méndez;2;0,14;2;0
Kevin Mbabu;2;0;0;2
Ben Mee;2;0,14;2;0
Gonzalo Melero;2;0,08;1;1
Eric Martel;2;0,04;1;1
Marvin;2;0;0;2
Christian Mawissa;2;0,16;2;0
Azzedine Ounahi;2;0,15;2;0
Ben Osborn;2;0;0;2
Gabriel Osho;2;0,1;2;0
Florent Ogier;2;0,1;1;1
Jens Odgaard;2;0,42;2;0
Amadou Onana;2;0,09;2;0
Mathías Olivera;2;0,06;1;1
Jon Pacheco;2;0,06;1;1
Rubén Peña;2;0;0;2
Pietro Pellegri;2;0,12;1;1
Pedro;2;0,11;1;1
Patric;2;0,11;2;0
Nathan Patterson;2;0;0;2
Benjamin Pavard;2;0;0;2
Mads Pedersen;2;0,05;1;1
Marcus Pedersen;2;0;0;2
Pedro Pereira;2;0;0;2
Carles Pérez;2;0,12;1;1
Andrea Petagna;2;0,09;1;1
Santiago Pierotti;2;0;0;2
Ethan Pinnock;2;0,07;2;0
Janik Haberer;2;0,07;1;1
Igor Zubeldia;2;0;0;2
Juan Herzog;2;0,62;2;0
Nicolas Höfler;2;0,04;1;1
Ianis Hagi;2;0;0;2
Lucas Hernández;2;0,05;1;1
Arijon Ibrahimović;2;0,19;1;1
Iglesias;2;0;0;2
Chukwubuikem Ikwuemesi;2;0,08;1;1
Iago;2;0,06;1;1
Emil Holm;2;0,1;1;1
Dean Huijsen;2;0,35;2;0
Mathias Honsak;2;0,09;1;1
Thilo Kehrer;2;0,07;1;1
Ayman Kari;2;0,1;1;1
Rick Karsdorp;2;0;0;2
Panos Katseris;2;0,09;1;1
Michael Kayode;2;0,04;1;1
Hassane Kamara;2;0,04;1;1
Jakub Kamiński;2;0;0;2
Sasa Kalajdzic;2;1,08;2;0
Christian Kabasele;2;0,1;1;1
Issa Kaboré;2;0;0;2
Sory Kaba;2;0,12;1;1
Josip Juranović;2;0;0;2
Jeffinho;2;0,29;1;1
Reece James;2;0;0;2
Jorginho;2;0;0;2
Curtis Jones;2;0,08;1;1
Frenkie de Jong;2;0,11;2;0
Antoine Joujou;2;0;0;2
Fabian Holland;2;0;0;2
Hiroki Ito;2;0;0;2
Ismaily;2;0,04;1;1
Rasmus Kristensen;2;0,05;1;1
Luca Koleosho;2;0,09;1;1
Viktor Kovalenko;2;0,15;1;1
Boubakar Kouyaté;2;0;0;2
Koffi Kouao;2;0;0;2
Cheick Konaté;2;0,08;1;1
Robin Koch;2;0,07;2;0
Max Kilman;2;0,05;2;0
Dejan Ljubicic;2;0;0;2
Gautier Lloris;2;0,06;2;0
Diego Llorente;2;0,04;1;1
Matthijs de Ligt;2;0,13;2;0
Victor Lindelöf;2;0,07;1;1
Iñigo Lekue;2;0;0;2
Rico Lewis;2;0,22;2;0
Jefferson Lerma;2;0,04;1;1
Juanmi Latasa;2;0,12;2;0
Vincent Le Goff;2;0,17;1;1
Robin Le Normand;2;0,07;2;0
Érik Lamela;2;0,39;2;0
Manuel Lazzari;2;0;0;2
Théo Le Bris;2;0;0;2
Tom Lockyer;2;0,08;1;1
Tom Louchet;2;0,22;1;1
Sebastiano Luperto;2;0,03;1;1
Hugo Magnetti;2;0,08;2;0
Alberto Marí;2;0,33;1;1
Orel Mangala;2;0,45;2;0
Arnau Martinez;2;0;0;2
Lennard Maloney;2;0,04;1;1
Patrick Mainka;2;0,06;2;0
Juanlu Sánchez;2;0;0;2
Yoann Salmier;2;0,06;1;1
Niklas Schmidt;2;0,07;1;1
Anthony Rouault;2;0;0;2
Nicolò Rovella;2;0;0;2
Daniele Rugani;2;0,15;2;0
Mário Rui;2;0;0;2
Modibo Sagnan;2;0,17;2;0
Damián Rodríguez;2;0;0;2
Guido Rodríguez;2;0,1;2;0
Simone Romagnoli;2;0,03;1;1
Vitor Roque;2;0,55;2;0
Suat Serdar;2;0;0;2
Marvin Senaya;2;0,04;1;1
Alex Scott;2;0,09;1;1
Jérémy Sebas;2;0,45;2;0
Nicolas Seiwald;2;0;0;2
Wilfried Singo;2;0,04;1;1
Adam Smith;2;0;0;2
Djibril Sow;2;0,06;1;1
Emran Soglo;2;0,83;1;1
Manor Solomon;2;0;0;2
Isaac Success;2;0,1;1;1
Kevin Strootman;2;0;0;2
Álex Suárez;2;0,07;2;0
Damián Suárez;2;0;0;2
Karol Świderski;2;0,36;2;0
Abakar Sylla;2;0,1;2;0
Niklas Stark;2;0,17;2;0
Tiago Tomás;2;0,09;1;1
Umut Tohumcu;2;0;0;2
Jean-Clair Todibo;2;0;0;2
Kieran Tierney;2;0;0;2
Ramón Terrats;2;0;0;2
Khéphren Thuram;2;0,04;1;1
Arthur Theate;2;0,08;2;0
Adrien Tameze;2;0;0;2
James Tarkowski;2;0,03;1;1
Ibrahim Sulemana;2;0,13;2;0
Jackson Tchatchoua;2;0;0;2
Charlie Taylor;2;0,04;1;1
Christopher Trimmel;2;0;0;2
Hamari Traoré;2;0;0;2
Ismaël Traoré;2;0,08;2;0
Omar Traoré;2;0;0;2
Pablo Torre;2;0;0;2
Pau Torres;2;0,07;2;0
Abdoulaye Touré;2;0,08;2;0
Souleymane Touré;2;0,04;1;1
Manuel Ugarte Ribeiro;2;0;0;2
Johan Vásquez;2;0,03;1;1
Walace;2;0,06;2;0
Aaron Wan-Bissaka;2;0;0;2
Vitinha;2;0,63;2;0
Carlos Vinícius;2;0,57;2;0
Vitinho;2;0;0;2
Alan Virginius;2;0;0;2
Joël Veltman;2;0,06;1;1
Ryan Yates;2;0,05;1;1
Kenan Yıldız;2;0,19;2;0
Darlin Yongwa;2;0,08;1;1
Leny Yoro;2;0,07;2;0
Oier Zarraga;2;0,45;2;0
Andre-Frank Zambo Anguissa;2;0;0;2
Nicolò Zaniolo;2;0,21;2;0
Alessandro Zanoli;2;0;0;2
Timo Werner;2;0,87;2;0
Josh Wilson-Esbrand;2;0,2;1;1
Patrick Wimmer;2;0,31;2;0
Nick Woltemade;2;0,15;2;0
Cauley Woodrow;2;0,21;1;1
Axel Witsel;2;0,06;2;0
Emmanuel Agbadou;2;0,03;1;1
Tosin Adarabioyo;2;0,11;2;0
Iván Alejo;2;0;0;2
Carles Aleñá;2;0,09;1;1
Ola Aina;2;0,05;1;1
Tosin Aiyegun;2;0,2;2;0
Anel Ahmedhodžić;2;0,07;2;0
Ludovic Ajorque;2;0,13;2;0
Manuel Akanji;2;0,07;2;0
Sergio Akieme;2;0,11;2;0
Sergio Akieme;2;0,22;2;0
Hákon Arnar Haraldsson;2;0,14;2;0
Antony;2;0,07;1;1
Edson Álvarez;2;0,04;1;1
Gastón Álvarez;2;0,07;2;0
Hugo Álvarez;2;0,12;1;1
Elliot Anderson;2;0;0;2
Lorenz Assignon;2;0,09;1;1
Arthur;2;0;0;2
Yann Aurel Bisseck;2;0,2;2;0
Serge Aurier;2;0;0;2
César Azpilicueta;2;0;0;2
Shandon Baptiste;2;0,39;1;1
Tommaso Augello;2;0,04;1;1
Tommaso Baldanzi;2;0,24;2;0
Leonardo Balerdi;2;0,08;2;0
Rodrigo Bentancur;2;0,09;1;1
Matúš Bero;2;0,05;1;1
Bebé;2;0,85;2;0
Adrian Beck;2;0,09;1;1
Kevin Behrens;2;0,15;1;1
Mattia Bani;2;0,08;2;0
Oscar Bobb;2;0,3;1;1
Sam Beukema;2;0,04;1;1
El Bilal Touré;2;0,46;2;0
Samuele Birindelli;2;0;0;2
Tom Bischof;2;0;0;2
Bilal Boutobba;2;0,1;1;1
Hicham Boudaoui;2;0,11;2;0
Warren Bondo;2;0,06;1;1
Alexis Blin;2;0;0;2
Edoardo Bove;2;0;0;2
Jacob Brown;2;0,18;2;0
David Brooks;2;0,32;1;1
John Brooks;2;0,12;2;0
Aurélio Buta;2;0,05;1;1
Jens Cajuste;2;0;0;2
Eduardo Camavinga;2;0;0;2
Nicolò Cambiaghi;2;0,04;1;1
Luca Caldirola;2;0,04;1;1
Jean-Charles Castelletto;2;0,07;2;0
Ivan Cavaleiro;2;0,12;1;1
Dani Ceballos;2;0;0;2
Santiago Castro;2;0,37;1;1
Carmona;2;0,07;1;1
Étienne Capoue;2;0,06;1;1
Copete;2;0,07;1;1
Diego Coppola;2;0,11;2;0
Thierry Correia;2;0;0;2
Oscar Cortés;2;2,05;1;1
Logan Costa;2;0,03;1;1
Samu Costa;2;0,04;1;1
Eray Cömert;2;0,09;2;0
Santi Comesaña;2;0,11;2;0
Levi Colwill;2;0,05;1;1
Nathan Collins;2;0,03;1;1
Pedro Chirivella;2;0,03;1;1
Pep Chavarría;2;0,08;1;1
Brendan Chardonnet;2;0,03;1;1
Carney Chukwuemeka;2;0,4;1;1
Jordan Clark;2;0,07;1;1
Ibrahim Cissoko;2;0,37;1;1
Krépin Diatta;2;0;0;2
Assane Diao;2;0,17;2;0
Danilho Doekhi;2;0,08;2;0
Axel Disasi;2;0,07;2;0
Thomas Delaine;2;0,04;1;1
Amad Diallo;2;0,23;1;1
Lorenzo De Silvestri;2;0,27;2;0
Craig Dawson;2;0,04;1;1
Lukas Daschner;2;0,17;1;1
Dante;2;0,03;1;1
Danilo;2;0,04;1;1
Mikkel Damsgaard;2;0;0;2
Juan Cuadrado;2;0;0;2
Marc Cucurella;2;0;0;2
Jacopo Fazzini;2;0,07;1;1
Ansu Fati;2;0,35;2;0
Edimilson Fernandes;2;0;0;2
Ohis Felix Uduokhai;2;0,06;2;0
Valery Fernández;2;0,36;2;0
Jordan Ferri;2;0,04;1;1
Julio Enciso;2;0;0;2
Maxime Estève;2;0,09;1;1
Nicolò Fagioli;2;0;0;2
Elif Elmas;2;0,53;2;0
Dion Drena Beljo;2;0,31;2;0
Damion Downs;2;0,99;2;0
Guela Doué;2;0;0;2
Josh Doig;2;0;0;2
Patrick Dorgu;2;0,12;2;0
Gavi;2;0,1;1;1
Benedikt Gimber;2;0,04;1;1
Matthias Ginter;2;0;0;2
Unai Gómez;2;0,21;2;0
Giovanni González;2;0,04;1;1
Édgar González;2;0,07;2;0
Joan Gonzàlez;2;0,07;1;1
Samuel Grandsir;2;0,15;1;1
Héctor Fort;2;0;0;2
Jorge de Frutos;2;0,12;2;0
Juan Foyth;2;0,08;1;1
Remo Freuler;2;0,03;1;1
Francisco Jesús Crespo García;2;0,36;2;0
Iñigo Ruiz de Galarreta;2;0,04;1;1
Matteo Prati;2;0,05;1;1
Uroš Račić;2;0,11;1;1
Jarell Quansah;2;0,15;2;0
Antonio Puertas;2;0;0;2
Morgan Guilavogui;2;0,32;2;0
Frederic Guilbert;2;0,07;2;0
Sergi Guardiola;2;0,18;1;1
Nemanja Gudelj;2;0,05;1;1
Chris Richards;2;0,04;1;1
Elvis Rexhbeçaj;2;0,09;2;0
Jack Robinson;2;0,03;1;1
Benito Ramírez;2;0,23;1;1
Jacob Ramsey;2;0,11;1;1
Elba Rashani;2;0,15;2;0
Harrison Reed;2;0;0;2
Tim Ream;1;0,06;1;0
Abderrahman Rebbach;1;0,12;1;0
Ylber Ramadani;1;0,03;1;0
Hamza Rafia;1;0,07;1;0
Connor Roberts;1;0;0;1
Matt Ritchie;1;0,7;1;0
Fabian Rieder;1;0,25;1;0
Gio Reyna;1;0;0;1
Marco Richter;1;0,13;1;0
Gabriel Gudmundsson;1;0,07;1;0
Christian Groß;1;0;0;1
Marc Guéhi;1;0;0;1
Hugo Guillamón;1;0,07;1;0
Ander Guevara;1;0,03;1;0
Pape Gueye;1;0,12;1;0
Josuha Guilavogui;1;0;0;1
Sebastian Polter;1;0;0;1
Javi Galán;1;0;0;1
Cristian Gamboa;1;0;0;1
Gianluca Gaetano;1;0,56;1;0
Dani García;1;0,12;1;0
David García;1;0;0;1
Raúl García;1;0,21;1;0
Marco Friedl;1;0,04;1;0
Matheus França;1;0;0;1
Bartol Franjić;1;0;0;1
Thomas Foket;1;0;0;1
Omari Forson;1;0;0;1
Alberto Grassi;1;0;0;1
Ryan Gravenberch;1;0,08;1;0
Jeffrey Gouweleeuw;1;0,03;1;0
Jonathan Gradit;1;0,04;1;0
Jens Grahl;1;0;0;1
Andoni Gorosabel;1;0,03;1;0
Sergio Gómez;1;0;0;1
Maxime Gonalons;1;0,07;1;0
Hugo González;1;0;0;1
Joe Gomez;1;0;0;1
Unai García;1;0,16;1;0
Saman Ghoddos;1;0,12;1;0
Lautaro Gianetti;1;0,14;1;0
Alfie Gilchrist;1;0,43;1;0
Billy Gilmour;1;0;0;1
André Gomes;1;0,18;1;0
Anwar El Ghazi;1;0;0;1
Jeremy Doku;1;0,81;1;0
Simon Elisor;1;0,12;1;0
Kingsley Ehizibue;1;0;0;1
Tyronne Ebuehi;1;0;0;1
Aron Dønnum;1;0;0;1
George Earthy;1;2,65;1;0
Radamel Falcao;1;0,22;1;0
Davide Faraoni;1;0;0;1
Davide Faraoni;1;0;0;1
Jonny Evans;1;0;0;1
Abde Ezzalzouli;1;0,1;1;0
Alfonso Espino;1;0;0;1
Martin Erlic;1;0,03;1;0
Wataru Endo;1;0,05;1;0
Emerson;1;0,08;1;0
Aritz Elustondo;1;0;0;1
Breel Embolo;1;0,49;1;0
Nacho Ferri;1;1,22;1;0
João Ferreira;1;0;0;1
Mark Flekken;1;0;0;1
Max Finkgräfe;1;0,05;1;0
Álex Fernández;1;0;0;1
Federico Fazio;1;0,07;1;0
Marvin Cuni;1;0,17;1;0
Trévis Dago;1;0;0;1
Mahmoud Dahoud;1;0;0;1
Mahmoud Dahoud;1;0,4;1;0
Ameen Al-Dakhil;1;0,09;1;0
Jaume Costa;1;0;0;1
Tanguy Coulibaly;1;0,14;1;0
Lassana Coulibaly;1;0;0;1
Juan Cruz Armada;1;0;0;1
Arnaut Danjuma;1;0,15;1;0
Kevin Danso;1;0,03;1;0
Alessandro Deiola;1;0,06;1;0
David Datro Fofana;1;0,13;1;0
Keinan Davis;1;0,48;1;0
Ben Davies;1;0,08;1;0
Mouctar Diakhaby;1;0,08;1;0
Koni De Winter;1;0;0;1
Federico Di Francesco;1;6;1;0
Leander Dendoncker;1;0,76;1;0
Mikkel Desler;1;0;0;1
Matt Doherty;1;0,08;1;0
Lewis Dobbin;1;0,39;1;0
Andy Diouf;1;0,07;1;0
Berat Djimsiti;1;0;0;1
Famara Diedhiou;1;0;0;1
Patrick Ciurria;1;0;0;1
Chumi;1;0;0;1
Víctor Chust;1;0;0;1
Pathé Ciss;1;0,05;1;0
Calum Chambers;1;0;0;1
Timothy Chandler;1;0;0;1
Ben Chilwell;1;0;0;1
Marcus Coco;1;0,06;1;0
Saúl Coco;1;0,04;1;0
Danny da Costa;1;0;0;1
Theo Corbeanu;1;0,49;1;0
Maxwel Cornet;1;0,8;1;0
Andrea Carboni;1;0,06;1;0
Fali Candé;1;0;0;1
Yannick Carrasco;1;0;0;1
Fares Chaïbi;1;0;0;1
Trevoh Chalobah;1;0,09;1;0
Alberto Cerri;1;0,17;1;0
Franco Cervi;1;0;0;1
Álex Centelles;1;0;0;1
Fabien Centonze;1;0;0;1
Danilo Cataldi;1;0,07;1;0
Maximiliano Caufriez;1;0;0;1
José Callejón;1;0;0;1
Jovane Cabral;1;0,13;1;0
Liberato Cacace;1;0;0;1
Rareș-Cătălin Burnete;1;0;0;1
Armando Broja;1;0,2;1;0
Armando Broja;1;0;0;1
Tajon Buchanan;1;0,56;1;0
Josip Brekalo;1;0,14;1;0
Daniel Boloca;1;0,04;1;0
Neto Borges;1;0;0;1
Leonardo Bonucci;1;0,2;1;0
Badredine Bouanani;1;0,2;1;0
Davide Biraschi;1;1;1;0
Jordan Beyer;1;0;0;1
Myron Boadu;1;1,06;1;0
Antonio Blanco;1;0;0;1
Calvin Bassey;1;0,04;1;0
Maximilian Bauer;1;0,11;1;0
Simone Bastoni;1;0,12;1;0
Pablo Barrios;1;0;0;1
Federico Baschirotto;1;0;0;1
Oliver Baumann;1;0;0;1
Sheraldo Becker;1;0;0;1
Chris Bedia;1;0,62;1;0
Lucas Beraldo;1;0,09;1;0
Bernardo;1;0,03;1;0
Bartosz Bereszyński;1;0;0;1
Saïd Benrahma;1;0;0;1
Héctor Bellerín;1;0;0;1
Jeanuël Belocian;1;0;0;1
Iván Balliu;1;0;0;1
George Baldock;1;0;0;1
Alejandro Balde;1;0;0;1
Mitchel Bakker;1;0,24;1;0
Ridle Baku;1;0,04;1;0
Mamady Bangré;1;0;0;1
Enzo Barrenechea;1;0;0;1
Aymen Barkok;1;0,28;1;0
Benoît Badiashile;1;0;0;1
Shavy Babicka;1;0,24;1;0
Loïc Bade;1;0;0;1
Jaime Báez;1;0,18;1;0
Ezequiel Ávila;1;0,3;1;0
Youcef Atal;1;0,25;1;0
Selim Amallah;1;0;0;1
Kelvin Amian;1;0;0;1
Sergi Altimira;1;0,16;1;0
Jordan Amavi;1;0,99;1;0
Skelly Alvero;1;0,21;1;0
Skelly Alvero;1;0,73;1;0
Tadeo Allende;1;0,27;1;0
Julian Araujo;1;0,06;1;0
Miguel Ángel Rubio;1;0,06;1;0
Angeliño;1;0;0;1
Michel Aebischer;1;0;0;1
Nayef Aguerd;1;0,05;1;0
David Alaba;1;0;0;1
Raúl Albiol;1;0;0;1
Omar Alderete;1;0;0;1
Carlos Alcaraz;1;0;0;1
Aboubacar Ali;1;0;0;1
Max Aarons;1;0;0;1
Abner;1;0;0;1
Paxten Aaronson;1;0;0;1
Tammy Abraham;1;0,37;1;0
Bénie Adama Traore;1;0;0;1
Marius Wolf;1;0;0;1
Joe Willock;1;0,21;1;0
Kjell-Arik Wätjen;1;0;0;1
Christopher Wooh;1;0,06;1;0
Mateusz Wieteska;1;0;0;1
Mateusz Wieteska;1;0,52;1;0
Neco Williams;1;0;0;1
Dan-Axel Zagadou;1;0,06;1;0
Yoram Zague;1;0,24;1;0
Duván Zapata;1;0,8;1;0
Jordan Zemura;1;0,09;1;0
Bertuğ Yıldırım;1;0;0;1
Illia Zabarnyi;1;0,03;1;0
Alejo Véliz;1;1,8;1;0
Nacho Vidal;1;0,94;1;0
Emanuel Vignato;1;0;0;1
Samuele Vignato;1;0,26;1;0
Mattia Viti;1;0,09;1;0
Alessandro Vogliacco;1;0;0;1
Cristian Volpato;1;0,14;1;0
Stefan de Vrij;1;0,06;1;0
Joel Ward;1;0;0;1
Shon Weissman;1;0,18;1;0
Timothy Weah;1;0;0;1
Jesus Vazquez;1;0,13;1;0
Raphaël Varane;1;0,07;1;0
Óscar Valentín;1;0,03;1;0
Emanuele Valeri;1;0;0;1
Martin Valjent;1;0;0;1
Beñat Turrientes;1;0;0;1
Enes Ünal;1;0;0;1
Dayot Upamecano;1;0,05;1;0
Kacper Urbanski;1;0;0;1
Mark Uth;1;0;0;1
Óliver Torres;1;0;0;1
Lucas Torró;1;0,05;1;0
Sandro Tonali;1;0,21;1;0
Bertrand Traoré;1;0,16;1;0
Chaka Traorè;1;4,5;1;0
Edmond Tapsoba;1;0;0;1
Filippo Terracciano;1;0;0;1
Nahuel Tenaglia;1;0,08;1;0
Arnau Tenas;1;0;0;1
Norman Theuerkauf;1;0;0;1
Malick Thiaw;1;0;0;1
Jan Thielmann;1;0,06;1;0
Kenny Tete;1;0,1;1;0
Leonidas Stergiou;1;0,15;1;0
Carl Starfelt;1;0,04;1;0
Benjamin Stambouli;1;0;0;1
Gabriel Strefezza;1;0,08;1;0
John Stones;1;0,08;1;0
Niklas Süle;1;0,06;1;0
Hugo Sotelo;1;0;0;1
Saidou Sow;1;0;0;1
Boubakary Soumaré;1;0;0;1
Vinicius Souza;1;0,03;1;0
Stijn Spierings;1;0;0;1
Emile Smith Rowe;1;0;0;1
Hrvoje Smolčić;1;0,26;1;0
Leo Skiri Østigård;1;0,06;1;0
Rubén Sobrino;1;0;0;1
Ibrahima Sissoko;1;0;0;1
Jailson Siqueira;1;0;0;1
Jan-Carlo Simic;1;0,62;1;0
Giovanni Simeone;1;0,11;1;0
Kiliann Sildillia;1;0;0;1
Aleksandar Sedlar;1;0,1;1;0
Stefano Sensi;1;0;0;1
Nélson Semedo;1;0;0;1
Alidu Seidu;1;0;0;1
Aaron Seydel;1;0,15;1;0
Steven Shpendi;1;0;0;1
Oriol Romeu;1;0;0;1
Sergio Rodelas;1;0;0;1
Rogério;1;0,1;1;0
Stefano Sabelli;1;0;0;1
Falaye Sacko;1;0;0;1
José Sá;1;0;0;1
Youssouf Sabaly;1;0;0;1
Antonio Rüdiger;1;0,03;1;0
Jérôme Roussillon;1;0;0;1
Benno Schmitz;1;0;0;1
Perr Schuurs;1;0,12;1;0
Stefan Schimmer;1;0;0;1
Zanos Savva;1;3,21;1;0
Mohammed Salisu;1;0;0;1
Fede San Emeterio;1;0,59;1;0
Renato Sanches;1;0,62;1;0
Andrey Santos;1;0,11;1;0
Baptiste Santamaria;1;0;0;1
Jesús Santiago;1;0,14;1;0
Alex Sandro;1;0,12;1;0
Ibou Sané;1;0,7;1;0
Mike Maignan;1;0;0;1
Antoine Makoumbou;1;0,03;1;0
Julián Malatini;1;0,15;1;0
Aïssa Mandi;1;0,08;1;0
Orel Mangala;1;0,06;1;0
Anthony Martial;1;0,2;1;0
Aarón Martín;1;0;0;1
Guillermo Maripán;1;0,05;1;0
Mika Màrmol;1;0;0;1
Marquinhos;1;0;0;1
Youssef Maleh;1;0;0;1
Agustín Martegani;1;0,12;1;0
Javier Manquillo;1;0;0;1
Gian Marco Ferrari;1;0,04;1;0
Faitout Maouassa;1;0;0;1
Mirko Marić;1;0,31;1;0
Yohann Magnin;1;0,05;1;0
Matej Maglica;1;0,05;1;0
Othmane Maamma;1;1,02;1;0
Castello Lukeba;1;0,04;1;0
Saša Lukić;1;0,08;1;0
Lucas;1;0,06;1;0
Jordan Lotomba;1;0,05;1;0
Stanislav Lobotka;1;0;0;1
Enzo Loiodice;1;0;0;1
Enzo Le Fée;1;0;0;1
Adrien Lebeau;1;0;0;1
Benjamin Lecomte;1;0;0;1
Toni Lato;1;0;0;1
Jamaal Lascelles;1;0,08;1;0
Bruno Langa;1;0,11;1;0
Didier Lamkel Zé;1;0,16;1;0
Stefan Lainer;1;0;0;1
Adam Lallana;1;0;0;1
Léo Leroy;1;0;0;1
Clément Lenglet;1;0;0;1
Philipp Lienhart;1;0,07;1;0
Valentino Livramento;1;0,07;1;0
Javier Llabrés;1;0,36;1;0
Lukas Klostermann;1;0,06;1;0
Simon Kjær;1;0;0;1
Robin Knoche;1;0,05;1;0
Sead Kolašinac;1;0,04;1;0
Dominik Kohr;1;0,04;1;0
Randal Kolo Muani;1;0,59;1;0
Mert Kömür;1;0,76;1;0
Manu Koné;1;0,06;1;0
Ezri Konsa;1;0,03;1;0
Odilon Kossonou;1;0,05;1;0
Mateo Kovačić;1;0,06;1;0
Thomas Kristensen;1;0;0;1
Lukas Kübler;1;0,05;1;0
Christian Kühlwetter;1;0;0;1
Moritz-Broni Kwarteng;1;0;0;1
Sael Kumbedi;1;0;0;1
Danny Ings;1;0,22;1;0
Jérémy Jacquet;1;0;0;1
Kamil Jóźwiak;1;0;0;1
Mads Juel Andersen;1;0,23;1;0
Christopher Jullien;1;0,07;1;0
Anthony Jung;1;0,03;1;0
Moritz Jenz;1;0;0;1
Juan Jesus;1;0,04;1;0
David Jurásek;1;0;0;1
Mathias Jørgensen;1;0,08;1;0
Sasa Kalajdzic;1;0;0;1
Tino Kadewere;1;0,12;1;0
Kaiky;1;0,17;1;0
Boubacar Kamara;1;0;0;1
Gedeon Kalulu;1;0;0;1
Michael Keane;1;0,21;1;0
Mikkel Kaufmann;1;0,19;1;0
Kevin Kampl;1;0,07;1;0
Yann Karamoh;1;0,32;1;0
Habib Keita;1;0,07;1;0
Yannik Keitel;1;0,1;1;0
Lloyd Kelly;1;0;0;1
Wahbi Khazri;1;0,08;1;0
Milos Kerkez;1;0;0;1
Will Hughes;1;0;0;1
Borja Iglesias;1;0;0;1
Luis Hernández;1;0,12;1;0
Rico Henry;1;0;0;1
Henrique;1;0,15;1;0
Luis Henrique;1;0,11;1;0
Silvan Hefti;1;0;0;1
Isak Hien;1;0;0;1
Mario Hermoso;1;0;0;1
Cristian Herrera;1;0,54;1;0
Jorge Herrando;1;0;0;1
Nadir Zortea;1;0,6;1;0
Nicola Zalewski;1;0;0;1
Alessio Zerbin;1;0;0;1
Manuel Gulde;1;0,04;1;0
Lovro Zvonarek;1;0,55;1;0
Marc Guiu;1;1,22;1;0
Massadio Haïdara;1;0;0;1
Lewis Hall;1;0,12;1;0
Sébastien Haller;1;0;0;1
Hans Hateboer;1;0;0;1
Andreas Hanche-Olsen;1;0,09;1;0
Ridgeciano Haps;1;0;0;1
Lorenzo Pirola;1;0,05;1;0
Germán Pezzella;1;0,03;1;0
Niccolò Pierozzi;1;0,1;1;0
Florian Pick;1;0;0;1
Patric Pfeiffer;1;0;0;1
Maximilian Philipp;1;0,28;1;0
Ivan Perišić;1;0;0;1
Romain Perraud;1;0;0;1
Lucas Perrin;1;0;0;1
Kike Pérez;1;0,11;1;0
Luca Pellegrini;1;0,11;1;0
Facundo Pellistri;1;0;0;1
Anthony Oyono;1;0;0;1
Nicolas Pallois;1;0;0;1
Miloš Pantović;1;6;1;0
Aitor Paredes;1;0,03;1;0
Fabiano Parisi;1;0;0;1
Joseph Okumu;1;0,05;1;0
Samu Omorodion;1;1,13;1;0
Warmed Omari;1;0,04;1;0
Jonas Omlin;1;0;0;1
Brian Ocampo;1;0,36;1;0
Caleb Okoli;1;0;0;1
Jean Onana;1;0,16;1;0
Ivan Ordets;1;0,05;1;0
Divock Origi;1;0;0;1
Gift Orban;1;0,19;1;0
Adam Ounas;1;0,22;1;0
Kassoum Ouattara;1;0,14;1;0
Konstantinos Mavropanos;1;0,06;1;0
Senny Mayulu;1;0;0;1
Youssef Maziz;1;0,73;1;0
Eliot Matazo;1;0;0;1
Azor Matusiwa;1;0,06;1;0
Azor Matusiwa;1;0;0;1
Chrislain Matsima;1;0,08;1;0
Chrislain Matsima;1;0;0;1
Lisandro Martínez;1;0;0;1
Jonas Martin;1;0;0;1
Adam Marušić;1;0,03;1;0
Hannibal Mejbri;1;0,68;1;0
Noah Mbamba;1;0;0;1
Pasquale Mazzocchi;1;0;0;1
Pasquale Mazzocchi;1;0;0;1
Nolan Mbemba;1;4,09;1;0
Jordi Mboula;1;0;0;1
Quentin Merlin;1;0;0;1
Quentin Merlin;1;0;0;1
Junior Messias;1;0,09;1;0
Luis Milla;1;0;0;1
Nampalys Mendy;1;0;0;1
Teden Mengi;1;0,04;1;0
Chris Mepham;1;0;0;1
Marko Milovanović;1;0,29;1;0
Stefan Mitrović;1;0,13;1;0
Cyril Ngonge;1;0,29;1;0
Steve Ngoura;1;0;0;1
Moussa Niakhate;1;0,06;1;0
Hans Nicolussi Caviglia;1;0;0;1
Michel Ndary Adopo;1;0;0;1
Rabby Nzingoula;1;0;0;1
Unai Núñez;1;0,03;1;0
Lukas Nmecha;1;2,14;1;0
Oliver Norwood;1;0,06;1;0
Abdul Mumin;1;0,05;1;0
Nacho;1;0;0;1
Kingstone Mutandwa;1;2,31;1;0
Nikola Moro;1;0,11;1;0
Lorenzo Montipò;1;0;0;1
Kieffer Moore;1;0,83;1;0
Mason Mount;1;0,17;1;0
Samuel Moutoussamy;1;0,08;1;0
Loris Mouyokolo;0;0;0;0
Divin Mubama;0;0;0;0
François Mughe;0;0;0;0
Nordi Mukiele;0;0;0;0
Samuele Mulattieri;0;0;0;0
Andreas Müller;0;0;0;0
Jannik Müller;0;0;0;0
Kevin Müller;0;0;0;0
Marcus Müller;0;0;0;0
Mikey Moore;0;0;0;0
César Montes;0;0;0;0
Diego Moreira;0;0;0;0
Cristhian Mosquera;0;0;0;0
Jorge Moreno;0;0;0;0
Mateu Morey;0;0;0;0
Yvon Mvogo;0;0;0;0
Joel Mvuka;0;0;0;0
Florent Muslija;0;0;0;0
Juan Musso;0;0;0;0
Bilal Nadir;0;0;0;0
Mahamadou Nagida;0;0;0;0
Marvelous Nakamba;0;0;0;0
Natan;0;0;0;0
Lapo Nava;0;0;0;0
Álvaro Muñoz;0;0;0;0
Alex Murphy;0;0;0;0
Finley Munroe;0;0;0;0
Arijanet Muric;0;0;0;0
Rhys Norrington-Davies;0;0;0;0
Alexander Nübel;0;0;0;0
Kasim Nuhu;0;0;0;0
Matheus Nunes;0;0;0;0
Peru Nolaskoain;0;0;0;0
Joseph Nonge;0;0;0;0
Jonathan Norbye;0;0;0;0
Ethan Nwaneri;0;0;0;0
Gerzino Nyamsi;0;0;0;0
Ørjan Nyland;0;0;0;0
Michael Obafemi;0;0;0;0
Adam Obert;0;0;0;0
Pedro Obiang;0;0;0;0
Jan Oblak;0;0;0;0
Youssouf Ndayishimiye;0;0;0;0
Bassirou Ndiaye;0;0;0;0
Joseph Nduquidi;0;0;0;0
Álvaro Negredo;0;0;0;0
Reiss Nelson;0;0;0;0
Zack Nelson;0;0;0;0
Neto;0;0;0;0
Keylor Navas;0;0;0;0
Stanley N'Soki;0;0;0;0
Massamba Ndiaye;0;0;0;0
Rassoul Ndiaye;0;0;0;0
Michael Ndiweni;0;0;0;0
Cher Ndour;0;0;0;0
Moritz Nicolas;0;0;0;0
Manuel Neuer;0;0;0;0
Tanguy Nianzou;0;0;0;0
Jessic Ngankam;0;0;0;0
Jessic Ngankam;0;0;0;0
Aleksandar Mitrović;0;0;0;0
Stefan Mitrović;0;0;0;0
Marko Mladenović;0;0;0;0
Jakub Moder;0;0;0;0
Enzo Mongo;0;0;0;0
Yerry Mina;0;0;0;0
Ignacio Miramon;0;0;0;0
Filippo Missori;0;0;0;0
Tyrone Mings;0;0;0;0
Kevin Miranda;0;0;0;0
Antonio Mirante;0;0;0;0
Jorge Meré;0;0;0;0
Alex Meret;0;0;0;0
Miguel;0;0;0;0
Ferland Mendy;0;0;0;0
Formose Mendy;0;0;0;0
Jovan Milošević;0;0;0;0
Vanja Milinković-Savić;0;0;0;0
Éder Militão;0;0;0;0
Nikola Milenković;0;0;0;0
Thomas Meunier;0;0;0;0
Bastien Meupiyou;0;0;0;0
Alexander Meyer;0;0;0;0
Omenuke Mfulu;0;0;0;0
Lucas Michal;0;0;0;0
Diego Méndez;0;0;0;0
Leonardo Mendicino;0;0;0;0
Antoine Mendy;0;0;0;0
Tomás Mendes;0;0;0;0
Houboulang Mendes;0;0;0;0
Nathanael Mbuku;0;0;0;0
James Mcatee;0;0;0;0
Christ Mbondi;0;0;0;0
Ethan Mbappé;0;0;0;0
Malick Mbaye;0;0;0;0
Mamadou Mbaye;0;0;0;0
Hannibal Mejbri;0;0;0;0
Óscar Melendo;0;0;0;0
Bamo Meïté;0;0;0;0
Bamo Meïté;0;0;0;0
Birger Meling;0;0;0;0
James McConnell;0;0;0;0
Scott McKenna;0;0;0;0
Nemanja Matić;0;0;0;0
Nemanja Matić;0;0;0;0
Joël Matip;0;0;0;0
Alex Matos;0;0;0;0
Mario Martín;0;0;0;0
Marc Martínez;0;0;0;0
Omar Mascarell;0;0;0;0
Adam Masina;0;0;0;0
Adam Masina;0;0;0;0
Erhan Mašović;0;0;0;0
Han-Noah Massengo;0;0;0;0
Roberto Massimo;0;0;0;0
Jean Mattéo Bahoya;0;0;0;0
Remi Matthews;0;0;0;0
Alan Matturro;0;0;0;0
Luís Maximiano;0;0;0;0
Noam Mayoka-Tika;0;0;0;0
Neal Maupay;0;0;0;0
Aïman Maurer;0;0;0;0
William Osula;0;0;0;0
Patrick Ouotro;0;0;0;0
Aiham Ousou;0;0;0;0
Jesús Owono;0;0;0;0
Milutin Osmajić;0;0;0;0
Stefan Ortega;0;0;0;0
Eneko Ortiz;0;0;0;0
Asier Osambela;0;0;0;0
Willi Orban;0;0;0;0
Leon Opitz;0;0;0;0
Ryan One;0;0;0;0
Tyler Onyango;0;0;0;0
Fred Onyedinma;0;0;0;0
Royce Openda Owaga;0;0;0;0
Maduka Okoye;0;0;0;0
Masaya Okugawa;0;0;0;0
David Okereke;0;0;0;0
Angelo Ogbonna;0;0;0;0
Álvaro Odriozola;0;0;0;0
Tim Oermann;0;0;0;0
Odeluga Offiah;0;0;0;0
Mark O'Mahony;0;0;0;0
Guillermo Ochoa;0;0;0;0
Andrew Omobamidele;0;0;0;0
Becir Omeragic;0;0;0;0
André Onana;0;0;0;0
Aingeru Olabarrieta;0;0;0;0
Michael Olakigbe;0;0;0;0
Olasagasti;0;0;0;0
Finn Ole Becker;0;0;0;0
Mathias Olesen;0;0;0;0
Robin Olsen;0;0;0;0
Ben Parkinson;0;0;0;0
Thomas Partey;0;0;0;0
Victor Parada;0;0;0;0
Antonios Papadopoulos;0;0;0;0
Christos Papadopoulos;0;0;0;0
Sokratis Papastathopoulos;0;0;0;0
Merveille Papela;0;0;0;0
Leart Paqarada;0;0;0;0
Joaquín Panichelli;0;0;0;0
Cole Palmer;0;0;0;0
Simone Pafundi;0;0;0;0
Riccardo Pagano;0;0;0;0
Pablo Pagis;0;0;0;0
Salih Özcan;0;0;0;0
Cenk Özkacar;0;0;0;0
David Ozoh;0;0;0;0
Alexandre Oukidja;0;0;0;0
Jordan Pefok;0;0;0;0
Dženan Pejčinović;0;0;0;0
Pepín;0;0;0;0
Alberto Perea;0;0;0;0
Danilo Pereira;0;0;0;0
Andy Pelmard;0;0;0;0
Aurélien Pelon;0;0;0;0
Iñaki Peña;0;0;0;0
Marcos Peña;0;0;0;0
Nicolás Paz;0;0;0;0
Myles Peart-Harris;0;0;0;0
Sydie Peck;0;0;0;0
Jiří Pavlenka;0;0;0;0
Gabriel Paulista;0;0;0;0
Gabriel Paulista;0;0;0;0
Rui Patrício;0;0;0;0
Triantafyllos Pasaridīs;0;0;0;0
Pascu;0;0;0;0
Nehuén Pérez;0;0;0;0
Matteo Perez Vinlöf;0;0;0;0
Simone Perilli;0;0;0;0
Mattia Perin;0;0;0;0
Samuele Perisan;0;0;0;0
Daniel Peretz;0;0;0;0
Máximo Perrone;0;0;0;0
Pavao Pervan;0;0;0;0
Denis Petrić;0;0;0;0
Njegoš Petrović;0;0;0;0
Đorđe Petrović;0;0;0;0
Jens Petter Hauge;0;0;0;0
Kalvin Phillips;0;0;0;0
Kalvin Phillips;0;0;0;0
Jaden Philogene Bidace;0;0;0;0
Kamil Piątkowski;0;0;0;0
Roberto Piccoli;0;0;0;0
Jordan Pickford;0;0;0;0
Amos Pieper;0;0;0;0
Ronaël Pierre-Gabriel;0;0;0;0
Giuseppe Pezzella;0;0;0;0
Yeremi Pino;0;0;0;0
Carlo Pinsoglio;0;0;0;0
Genki Haraguchi;0;0;0;0
Isak Hansen-Aarøen;0;0;0;0
Makoto Hasebe;0;0;0;0
Daiki Hashioka;0;0;0;0
Pantelis Hatzidiakos;0;0;0;0
Luke Harris;0;0;0;0
Silvan Hefti;0;0;0;0
Thorgan Hazard;0;0;0;0
Jan Paul van Hecke;0;0;0;0
Oualid El Hajjam;0;0;0;0
Jaouen Hadjam;0;0;0;0
Antwoine Hackford;0;0;0;0
Nicolas Haas;0;0;0;0
Norbert Gyömbér;0;0;0;0
Péter Gulácsi;0;0;0;0
Mateusz Łęgowski;0;0;0;0
Robert Gumny;0;0;0;0
Alessio Zerbin;0;0;0;0
Kevin Zeroli;0;0;0;0
Cedric Zesiger;0;0;0;0
Michael Zetterer;0;0;0;0
Nathan Zeze;0;0;0;0
David Zima;0;0;0;0
Christoph Zimmermann;0;0;0;0
Luc Zogbé;0;0;0;0
Simon Zoller;0;0;0;0
Sergio Herrera;0;0;0;0
Patrick Herrmann;0;0;0;0
James Hill;0;0;0;0
Aaron Hickey;0;0;0;0
Isak Hien;0;0;0;0
Dominique Heintz;0;0;0;0
Dean Henderson;0;0;0;0
Liam Henderson;0;0;0;0
Christophe Hérelle;0;0;0;0
Aridane Hernández;0;0;0;0
Borja Iglesias;0;0;0;0
Igor;0;0;0;0
Elseid Hysaj;0;0;0;0
Pierre Højbjerg;0;0;0;0
Andrej Ilic;0;0;0;0
Imanol;0;0;0;0
Joel Imasuen;0;0;0;0
Dean Huijsen;0;0;0;0
Sydney van Hooijdonk;0;0;0;0
Fraser Hornby;0;0;0;0
Lukáš Hrádecký;0;0;0;0
Xabier Huarte Armendáriz;0;0;0;0
Timo Hübers;0;0;0;0
Gerrit Holtmann;0;0;0;0
Martin Hongla;0;0;0;0
Martin Hongla;0;0;0;0
Mason Holgate;0;0;0;0
Kaine Kesler-Hayden;0;0;0;0
Luca Kilian;0;0;0;0
Rani Khedira;0;0;0;0
Abdukodir Khusanov;0;0;0;0
Omari Kellyman;0;0;0;0
Aljoscha Kemlein;0;0;0;0
Caoimhín Kelleher;0;0;0;0
Thomas Keller;0;0;0;0
Naby Keïta;0;0;0;0
Thilo Kehrer;0;0;0;0
Yann Karamoh;0;0;0;0
Emir Karic;0;0;0;0
Loris Karius;0;0;0;0
Jesper Karlsson;0;0;0;0
Jon Karrikaburu;0;0;0;0
Ibrahima Kebe;0;0;0;0
Kévin Keben Biakolo;0;0;0;0
Moise Kean;0;0;0;0
Pierre Kalulu;0;0;0;0
Thomas Kaminski;0;0;0;0
Willy Kambwala;0;0;0;0
Tino Kadewere;0;0;0;0
Yayah Kallon;0;0;0;0
Mohamed Kaba;0;0;0;0
Yaya Kader Fofana;0;0;0;0
Julian Justvan;0;0;0;0
Filip Jørgensen;0;0;0;0
Hamed Junior Traorè;0;0;0;0
Hamed Junior Traorè;0;0;0;0
Alejandro Jiménez;0;0;0;0
Ryan John Giles;0;0;0;0
Ben Johnson;0;0;0;0
Brennan Johnson;0;0;0;0
Joseph Johnson;0;0;0;0
Sam Johnstone;0;0;0;0
Juanpe;0;0;0;0
Joan Jordán;0;0;0;0
Jordi;0;0;0;0
Jeremy Jorge;0;0;0;0
Jérémy Jacquet;0;0;0;0
Kristijan Jakić;0;0;0;0
Paul Jaeckel;0;0;0;0
Filip Jagiełło;0;0;0;0
Tony Jantschke;0;0;0;0
Adnan Januzaj;0;0;0;0
Nuha Jatta;0;0;0;0
Mikel Jauregizar;0;0;0;0
Danley Jean-Jacques;0;0;0;0
Salim El Jebari;0;0;0;0
Daniel Jebbison;0;0;0;0
Bonke Innocent;0;0;0;0
Tim Iroegbunam;0;0;0;0
Gino Infantino;0;0;0;0
Thomas Isherwood;0;0;0;0
Ardian Ismajli;0;0;0;0
Yanis Issoufou;0;0;0;0
Armando Izzo;0;0;0;0
Diego Iturralde;0;0;0;0
Alex Iwobi;0;0;0;0
Marash Kumbulla;0;0;0;0
Justin Kumi;0;0;0;0
Layvin Kurzawa;0;0;0;0
Berkan Kutlu;0;0;0;0
Giorgi Kvernadze;0;0;0;0
Alban Lafont;0;0;0;0
Yoel Lago;0;0;0;0
Rade Krunić;0;0;0;0
Christoph Kramer;0;0;0;0
Frans Krätzig;0;0;0;0
Matej Kovar;0;0;0;0
Dawid Kownacki;0;0;0;0
Emil Krafth;0;0;0;0
Alex Král;0;0;0;0
Rominigue Kouamé;0;0;0;0
Tomáš Koubek;0;0;0;0
Therence Koudou;0;0;0;0
Cheikhou Kouyaté;0;0;0;0
Ibrahima Konaté;0;0;0;0
Geoffrey Kondogbia;0;0;0;0
Abdoul Koné;0;0;0;0
Amadou Koné;0;0;0;0
Ibrahima Koné;0;0;0;0
Ibrahima Koné;0;0;0;0
Gregor Kobel;0;0;0;0
Philipp Köhn;0;0;0;0
Davy Klaassen;0;0;0;0
Marcin Listkowski;0;0;0;0
Abou Lô;0;0;0;0
Luca Lipani;0;0;0;0
Jesper Lindstrøm;0;0;0;0
Jesper Lindstrøm;0;0;0;0
Karol Linetty;0;0;0;0
Bernd Leno;0;0;0;0
Christopher Lenz;0;0;0;0
Christopher Lenz;0;0;0;0
Johann Lepenant;0;0;0;0
Thomas Lemar;0;0;0;0
Álvaro Lemos;0;0;0;0
Ruben Lendinez;0;0;0;0
Stefan Lekovic;0;0;0;0
Diogo Leite;0;0;0;0
Maxim Leitsch;0;0;0;0
Mathis Lambourde;0;0;0;0
Aymeric Laporte;0;0;0;0
Julien Laporte;0;0;0;0
Yasser Larouci;0;0;0;0
Jeremías Ledesma;0;0;0;0
Jean-Louis Leca;0;0;0;0
Nicola Leali;0;0;0;0
Julien Le Cardinal;0;0;0;0
Julien Le Cardinal;0;0;0;0
Roméo Lavia;0;0;0;0
Lázaro;0;0;0;0
Noah Loosli;0;0;0;0
Anthony Lopes;0;0;0;0
Maxime Lopez;0;0;0;0
Maxime Lopez;0;0;0;0
Pau López;0;0;0;0
Andy Logbo;0;0;0;0
Renan Lodi;0;0;0;0
Dion Lopy;0;0;0;0
Matteo Lovato;0;0;0;0
Matteo Lovato;0;0;0;0
Dejan Lovren;0;0;0;0
Jhon Lucumí;0;0;0;0
Max Lowe;0;0;0;0
Anthony Lozano;0;0;0;0
Karlo Lulić;0;0;0;0
Andriy Lunin;0;0;0;0
José Luis Palomino;0;0;0;0
Mateus Lusuardi;0;0;0;0
Andreas Luthe;0;0;0;0
Joshua M'Bahia;0;0;0;0
Ian Maatsen;0;0;0;0
Soungoutou Magassa;0;0;0;0
Giangiacomo Magnani;0;0;0;0
Jon Magunacelaya;0;0;0;0
Adel Mahamoud;0;0;0;0
Rafa Marín;0;0;0;0
Diego Mariño;0;0;0;0
José Mari;0;0;0;0
Pablo Marí;0;0;0;0
José María Giménez;0;0;0;0
Mariano;0;0;0;0
Faitout Maouassa;0;0;0;0
Marcão;0;0;0;0
Braydon Manu;0;0;0;0
Benson Manuel;0;0;0;0
Vito Mannone;0;0;0;0
Kostas Manolas;0;0;0;0
Unai Marrero;0;0;0;0
Marquinhos;0;0;0;0
Jon Martin;0;0;0;0
Emiliano Martínez;0;0;0;0
Iñigo Martínez;0;0;0;0
Josep Martinez;0;0;0;0
Marco Mancosu;0;0;0;0
Steve Mandanda;0;0;0;0
Christos Mandas;0;0;0;0
Aaron Malouda;0;0;0;0
Giorgi Mamardashvili;0;0;0;0
David Mamutovic;0;0;0;0
Wilson Manafá;0;0;0;0
Hianga Mananga Mbock;0;0;0;0
Daniel Maldini;0;0;0;0
Jean-Victor Makengo;0;0;0;0
Jordy Makengo;0;0;0;0
Habib Maïga;0;0;0;0
Radosław Majecki;0;0;0;0
Lovro Majer;0;0;0;0
Robert Sánchez;0;0;0;0
Jadon Sancho;0;0;0;0
Sadibou Sané;0;0;0;0
Arouna Sangante;0;0;0;0
Ibrahim Sangaré;0;0;0;0
Andrey Santos;0;0;0;0
Paco Sanz;0;0;0;0
Riccardo Saponara;0;0;0;0
Davinson Sánchez;0;0;0;0
Salvi;0;0;0;0
Brice Samba;0;0;0;0
Diadie Samassékou;0;0;0;0
Diadie Samassékou;0;0;0;0
Saba Sazonov;0;0;0;0
Dane Scarlett;0;0;0;0
Mamadou Sarr;0;0;0;0
Stefan Savić;0;0;0;0
Amin Sarr;0;0;0;0
Amin Sarr;0;0;0;0
Bouna Sarr;0;0;0;0
Marvin Schwäbe;0;0;0;0
Alexander Schwolow;0;0;0;0
Marcel Schuhen;0;0;0;0
Fabian Schnellhardt;0;0;0;0
Kenneth Schmidt;0;0;0;0
Ruan;0;0;0;0
Pelly Ruddock Mpanzu;0;0;0;0
Fabian Rüdlin;0;0;0;0
Javier Rueda Garcia;0;0;0;0
Frederik Rønnow;0;0;0;0
Dominic Sadi;0;0;0;0
Pablo Saenz;0;0;0;0
Amine Salama;0;0;0;0
Théo Sainte-Luce;0;0;0;0
Mamadou Sakho;0;0;0;0
Alessio Romagnoli;0;0;0;0
Miguel Rodríguez;0;0;0;0
Rodri;0;0;0;0
Valentin Rongier;0;0;0;0
Frank Ronstadt;0;0;0;0
Carlos Romero;0;0;0;0
Pablo Rosario;0;0;0;0
Valentin Rosier;0;0;0;0
Francesco Rossi;0;0;0;0
Joe Rothwell;0;0;0;0
Unai Ropero;0;0;0;0
Luka Romero;0;0;0;0
Sofiane Sidi Ali;0;0;0;0
Tim Siersleben;0;0;0;0
Fábio Silva;0;0;0;0
Rui Silva;0;0;0;0
Andres Sfait;0;0;0;0
Luke Shaw;0;0;0;0
James Shea;0;0;0;0
Vivaldo Semedo;0;0;0;0
Matz Sels;0;0;0;0
Matz Sels;0;0;0;0
Alidu Seidu;0;0;0;0
Nikola Sekulov;0;0;0;0
Demba Seck;0;0;0;0
Demba Seck;0;0;0;0
Simone Scuffet;0;0;0;0
Marco Silvestri;0;0;0;0
Ayanda Sishuba;0;0;0;0
Daley Sinkgraven;0;0;0;0
Unai Simón;0;0;0;0
Moussa Sissoko;0;0;0;0
Antonio Sivera;0;0;0;0
Oliver Skipp;0;0;0;0
Milan Škriniar;0;0;0;0
Naatan Skyttä;0;0;0;0
Chris Smalling;0;0;0;0
Andrea Sodero;0;0;0;0
Łukasz Skorupski;0;0;0;0
Cédric Soares;0;0;0;0
Danilo Soares;0;0;0;0
Eduard Sobol;0;0;0;0
Stijn Spierings;0;0;0;0
Marco Sportiello;0;0;0;0
Anton Stach;0;0;0;0
Issa Soumaré;0;0;0;0
Çağlar Söyüncü;0;0;0;0
Djed Spence;0;0;0;0
Jhon Solis;0;0;0;0
Alex Sola;0;0;0;0
Ola Solbakken;0;0;0;0
Daniele Sommariva;0;0;0;0
Yann Sommer;0;0;0;0
Brandon Soppy;0;0;0;0
David Soria;0;0;0;0
Alberto Soro;0;0;0;0
Alessandro Sorrentino;0;0;0;0
Borna Sosa;0;0;0;0
Denis Suárez;0;0;0;0
Dembo Sylla;0;0;0;0
Mile Svilar;0;0;0;0
Thomas Strakosha;0;0;0;0
Trivante Stewart;0;0;0;0
Angelo Stiller;0;0;0;0
Filip Stojilković;0;0;0;0
Jason Steele;0;0;0;0
Benjamin Tetteh;0;0;0;0
Denis Thomalla;0;0;0;0
Luke Thomas;0;0;0;0
Antonio Tikvić;0;0;0;0
Jurriën Timber;0;0;0;0
Rafael Tolói;0;0;0;0
James Tomkins;0;0;0;0
Marc-André ter Stegen;0;0;0;0
Filippo Terracciano;0;0;0;0
Pietro Terracciano;0;0;0;0
Matt Targett;0;0;0;0
Oussama Targhalline;0;0;0;0
Elayis Tavsan;0;0;0;0
Marciano Tchami;0;0;0;0
Enzo Tchato;0;0;0;0
César Tárrega;0;0;0;0
Jimi Tauriainen;0;0;0;0
Nuno Tavares;0;0;0;0
Renato Tapia;0;0;0;0
Montassar Talbi;0;0;0;0
Yassin Tallal;0;0;0;0
Mamadou Sylla;0;0;0;0
Attila Szalai;0;0;0;0
Attila Szalai;0;0;0;0
Wojciech Szczęsny;0;0;0;0
Przemysław Szymiński;0;0;0;0
Daouda Traoré;0;0;0;0
Boubacar Traoré;0;0;0;0
Auston Trusty;0;0;0;0
Kevin Trapp;0;0;0;0
Mark Travers;0;0;0;0
Óscar Trejo;0;0;0;0
Mike Trésor;0;0;0;0
Manu Trigueros;0;0;0;0
Raúl Torrente;0;0;0;0
Fabio Torsiello;0;0;0;0
Ahmed Touba;0;0;0;0
Lucas Tousart;0;0;0;0
James Trafford;0;0;0;0
Bertrand Traoré;0;0;0;0
Lesley Ugochukwu;0;0;0;0
Lukas Ullrich;0;0;0;0
Sven Ulreich;0;0;0;0
Samuel Umtiti;0;0;0;0
Stefano Turati;0;0;0;0
Matt Turner;0;0;0;0
Jesús Vallejo;0;0;0;0
Álvaro Vallés;0;0;0;0
Siebe Van Der Heyden;0;0;0;0
Kevin Vázquez;0;0;0;0
Gabriel Veiga;0;0;0;0
Borja Vázquez;0;0;0;0
Adam Webster;0;0;0;0
Lewis Warrington;0;0;0;0
Deivid Washington;0;0;0;0
Shon Weissman;0;0;0;0
Sebastian Walukiewicz;0;0;0;0
Elye Wahi;0;0;0;0
Aster Vranckx;0;0;0;0
Kevin Vogt;0;0;0;0
Kevin Vogt;0;0;0;0
Daniel Vivian;0;0;0;0
Odisseas Vlachodimos;0;0;0;0
Toni Villa;0;0;0;0
Ricardo Visus;0;0;0;0
Alan Virginius;0;0;0;0
Rúben Vinagre;0;0;0;0
Iván Villar;0;0;0;0
Nacho Vidal;0;0;0;0
Fran Vieites;0;0;0;0
Arthur Vermeeren;0;0;0;0
Guglielmo Vicario;0;0;0;0
Alejo Véliz;0;0;0;0
Lorenzo Venuti;0;0;0;0
Bart Verbruggen;0;0;0;0
Simone Verdi;0;0;0;0
Kelvin Yeboah;0;0;0;0
Joseba Zaldúa;0;0;0;0
Ashley Young;0;0;0;0
Etienne Youte Kinkoue;0;0;0;0
Yehor Yarmoliuk;0;0;0;0
Robin Zentner;0;0;0;0
Mehdi Zeffane;0;0;0;0
Bryan Zaragoza;0;0;0;0
Anass Zaroury;0;0;0;0
Alessandro Zanoli;0;0;0;0
Nelson Weiper;0;0;0;0
Ethan Wheatley;0;0;0;0
Joe White;0;0;0;0
Joe Worrall;0;0;0;0
Xeber;0;0;0;0
Antal Yaakobishvili;0;0;0;0
Bénie Adama Traore;0;0;0;0
Abdel Abqar;0;0;0;0
Joshua Acheampong;0;0;0;0
Keyliane Abdallah;0;0;0;0
Salis Abdul Samed;0;0;0;0
Nabil Aberdin;0;0;0;0
Tyler Adams;0;0;0;0
Junior Adamu;0;0;0;0
Nathaniel Adjei;0;0;0;0
Julen Agirrezabala;0;0;0;0
Lucien Agoume;0;0;0;0
Lucien Agoume;0;0;0;0
Felix Agu;0;0;0;0
Adryelson;0;0;0;0
Adson;0;0;0;0
Mohamed Ali Cho;0;0;0;0
Thiago Alcántara;0;0;0;0
Paul Akouokou;0;0;0;0
Paul Akouokou;0;0;0;0
Jean-Daniel Akpa-Akpro;0;0;0;0
David Akpan Ankeye;0;0;0;0
Kevin Akpoguma;0;0;0;0
Brandon Aguilera;0;0;0;0
Naouirou Ahamada;0;0;0;0
Joseph Aidoo;0;0;0;0
Ebenezer Akinsanmiro;0;0;0;0
Marley Aké;0;0;0;0
Fabrizio Angileri;0;0;0;0
Jaidon Anthony;0;0;0;0
Stredair Appuah;0;0;0;0
Mauro Arambarri;0;0;0;0
Jon Aramburu;0;0;0;0
Asaf Arania;0;0;0;0
Cameron Archer;0;0;0;0
Alphonse Areola;0;0;0;0
Adu Ares;0;0;0;0
Oliver Arblaster;0;0;0;0
Simone Aresti;0;0;0;0
Matias Arezo;0;0;0;0
Iñigo Arguibide;0;0;0;0
Yoël Armougom;0;0;0;0
Jonathan Asp Jensen;0;0;0;0
Mohamed El Arouch;0;0;0;0
Kepa Arrizabalaga;0;0;0;0
Alisson;0;0;0;0
Marcos Alonso;0;0;0;0
Adrià Altimira;0;0;0;0
Yeray Álvarez;0;0;0;0
Bruno Amione;0;0;0;0
Amath;0;0;0;0
Lorenzo Amatucci;0;0;0;0
Komnen Andrić;0;0;0;0
Nadiem Amiri;0;0;0;0
Kofi Amoako;0;0;0;0
Sofyan Amrabat;0;0;0;0
Valentin Atangana Edoa;0;0;0;0
Noah Atubolu;0;0;0;0
Emil Audero;0;0;0;0
Nicola Bagnolini;0;0;0;0
Eric Bailly;0;0;0;0
Stefan Bajcetic;0;0;0;0
Paulo Azzi;0;0;0;0
Abdellah Baallal;0;0;0;0
Iddrisu Baba;0;0;0;0
Srđan Babić;0;0;0;0
Kike Barja;0;0;0;0
Daniel Bandeira;0;0;0;0
Valentín Barco;0;0;0;0
Bradley Barcola;0;0;0;0
Cédric Bakambu;0;0;0;0
Aliou Baldé;0;0;0;0
Tommaso Baldanzi;0;0;0;0
Carlos Baleba;0;0;0;0
Carlos Baleba;0;0;0;0
Fodé Ballo-Touré;0;0;0;0
Samuel Bamba;0;0;0;0
Anis Ben Slimane;0;0;0;0
Fran Beltrán;0;0;0;0
Daniel Bentley;0;0;0;0
Ramy Bensebaini;0;0;0;0
Etrit Berisha;0;0;0;0
Medon Berisha;0;0;0;0
Mergim Berisha;0;0;0;0
Mergim Berisha;0;0;0;0
Donny van de Beek;0;0;0;0
Donny van de Beek;0;0;0;0
Yanis Begraoui;0;0;0;0
Mohamed Bechikh;0;0;0;0
Owen Beck;0;0;0;0
Jérémie Bela;0;0;0;0
Reda Belahyane;0;0;0;0
Reda Belahyane;0;0;0;0
Amari'i Bell;0;0;0;0
Stefan Bell;0;0;0;0
Alaa Bellaarouch;0;0;0;0
Steven Baseya;0;0;0;0
Chris Basham;0;0;0;0
Toma Bašić;0;0;0;0
Davide Bartesaghi;0;0;0;0
Marc Bartra;0;0;0;0
Augusto Batalla;0;0;0;0
Daniel Batz;0;0;0;0
Elias Baum;0;0;0;0
Rubén Blanco;0;0;0;0
Hendry Blank;0;0;0;0
Marco Bizot;0;0;0;0
Benicio Boaitey;0;0;0;0
Jérôme Boateng;0;0;0;0
Sacha Boey;0;0;0;0
Janis Blaswich;0;0;0;0
Emil Bohinen;0;0;0;0
Emil Bohinen;0;0;0;0
Adama Bojang;0;0;0;0
Pep Biel;0;0;0;0
Jaka Bijol;0;0;0;0
Beto;0;0;0;0
Davide Bettella;0;0;0;0
Yves Bissouma;0;0;0;0
Dimitry Bertaud;0;0;0;0
Mohamed Bouchenna;0;0;0;0
Saïmon Bouabré;0;0;0;0
Ayyoub Bouaddi;0;0;0;0
Badredine Bouanani;0;0;0;0
Yassine Bounou;0;0;0;0
Mehdi Bourabia;0;0;0;0
Hugo Boutsingkham;0;0;0;0
Bilal Brahimi;0;0;0;0
Bilal Brahimi;0;0;0;0
Yvandro Borges Sanches;0;0;0;0
Sebastiaan Bornauw;0;0;0;0
Gennaro Borrelli;0;0;0;0
Adri Bosch;0;0;0;0
Erik Botheim;0;0;0;0
Kevin Bonifazi;0;0;0;0
Kevin Bonifazi;0;0;0;0
Giovanni Bonfanti;0;0;0;0
Darko Brašanac;0;0;0;0
Brau;0;0;0;0
Claudio Bravo;0;0;0;0
Fabian Bredlow;0;0;0;0
Tim Breithaupt;0;0;0;0
Brenner;0;0;0;0
Ben Brereton;0;0;0;0
Maximilian Breunig;0;0;0;0
Rhian Brewster;0;0;0;0
Bennit Bröger;0;0;0;0
Alexander Brunst;0;0;0;0
Hugo Bueno;0;0;0;0
Manu Bueno;0;0;0;0
Santiago Bueno;0;0;0;0
Dylan Bronn;0;0;0;0
Andre Brooks;0;0;0;0
Mason Burstow;0;0;0;0
Marnon Busch;0;0;0;0
Maxime Busi;0;0;0;0
Pablo Busto;0;0;0;0
Oliver Burke;0;0;0;0
Marcin Bułka;0;0;0;0
Duje Ćaleta-Car;0;0;0;0
Mattia Caldara;0;0;0;0
Francesco Camarda;0;0;0;0
José Campaña;0;0;0;0
Axel Camblan;0;0;0;0
Samu Castillejo;0;0;0;0
Jonny Castro;0;0;0;0
Kaelan Casey;0;0;0;0
Koen Casteels;0;0;0;0
Giuseppe Caso;0;0;0;0
Fabien Centonze;0;0;0;0
Michele Cerofolini;0;0;0;0
Emil Ceide;0;0;0;0
Zeki Çelik;0;0;0;0
Julian Chabot;0;0;0;0
El Chadaille Bitshiabu;0;0;0;0
Leonardo Cerri;0;0;0;0
Álvaro Carreras;0;0;0;0
Rasmus Carstensen;0;0;0;0
Antonin Cartillier;0;0;0;0
Igor Carioca;0;0;0;0
Diego Carlos;0;0;0;0
Marco Carnesecchi;0;0;0;0
Fabio Carvalho;0;0;0;0
Cesare Casadei;0;0;0;0
Marc Casado;0;0;0;0
Nicolò Casale;0;0;0;0
Luigi Canotto;0;0;0;0
Gino Caoki;0;0;0;0
Thomas Cannon;0;0;0;0
Gianluca Caprari;0;0;0;0
Elia Caprile;0;0;0;0
Isaac Carcelen;0;0;0;0
Cárdenas;0;0;0;0
Irvin Cardona;0;0;0;0
Giacomo Corona;0;0;0;0
Jesús Corona;0;0;0;0
Jeppe Corfitzen;0;0;0;0
Jack Cork;0;0;0;0
Francis Coquelin;0;0;0;0
Tommaso Corazza;0;0;0;0
Joaquín Correa;0;0;0;0
Benoît Costil;0;0;0;0
Grégoire Coudert;0;0;0;0
Séamus Coleman;0;0;0;0
Maxime Colin;0;0;0;0
Nnamdi Collins;0;0;0;0
Pietro Comuzzo;0;0;0;0
Alois Confais;0;0;0;0
Andrea Consigli;0;0;0;0
Bambasé Conté;0;0;0;0
Nikita Contini Baranovsky;0;0;0;0
Tawanda Chirewa;0;0;0;0
Jhoanner Chávez;0;0;0;0
Leon Chiwome;0;0;0;0
Charlys;0;0;0;0
Youssef Chermiti;0;0;0;0
Lucas Chevalier;0;0;0;0
Fabio Chiarodia;0;0;0;0
Alphadjo Cissè;0;0;0;0
Djaoui Cissé;0;0;0;0
Jacob Christensen;0;0;0;0
Oliver Christensen;0;0;0;0
Bobby Clark;0;0;0;0
Giorgio Cittadini;0;0;0;0
Giorgio Cittadini;0;0;0;0
Alexis Claude-Maurice;0;0;0;0
Silvi Clúa;0;0;0;0
Nathaniel Clyne;0;0;0;0
Justin Diehl;0;0;0;0
Víctor Díaz;0;0;0;0
Mory Diaw;0;0;0;0
Mahamadou Diawara;0;0;0;0
Rúben Dias;0;0;0;0
Stole Dimitrievski;0;0;0;0
Eric Dier;0;0;0;0
Eric Dier;0;0;0;0
Guillaume Dietsch;0;0;0;0
Florian Dietz;0;0;0;0
Marko Dmitrović;0;0;0;0
Ben Doak;0;0;0;0
Yehvann Diouf;0;0;0;0
Dodô;0;0;0;0
Josh Doig;0;0;0;0
Tiago Djaló;0;0;0;0
Chaim El Djebali;0;0;0;0
Djené;0;0;0;0
Koffi Djidji;0;0;0;0
Sinaly Diomande;0;0;0;0
Edan Diop;0;0;0;0
Issa Diop;0;0;0;0
Sofiane Diop;0;0;0;0
Arthur Desmas;0;0;0;0
Mattia Destro;0;0;0;0
Samuele Di Benedetto;0;0;0;0
Leander Dendoncker;0;0;0;0
Rémy Descamps;0;0;0;0
Sacha Delaye;0;0;0;0
Hannes Delcroix;0;0;0;0
Alessandro Dellavalle;0;0;0;0
Karamoko Dembélé;0;0;0;0
Jessy Deminguet;0;0;0;0
Raffaele Di Gennaro;0;0;0;0
Michele Di Gregorio;0;0;0;0
Diego Demme;0;0;0;0
Alessandro Di Pardo;0;0;0;0
Mamadou Diakhon;0;0;0;0
Lamine Diack;0;0;0;0
Amadou Diallo;0;0;0;0
Ibrahim Diakité;0;0;0;0
Moussa Diakité;0;0;0;0
Tom Davies;0;0;0;0
Paweł Dawidowicz;0;0;0;0
Juan David Cabal;0;0;0;0
Thibault De Smet;0;0;0;0
Mattia De Sciglio;0;0;0;0
Raimane Daou;0;0;0;0
Josh Dasilva;0;0;0;0
Achraf Dari;0;0;0;0
Jayden Danns;0;0;0;0
Flavius Daniliuc;0;0;0;0
Juan Cruz;0;0;0;0
Juan Cruz;0;0;0;0
Cristian;0;0;0;0
Nicolas Cozza;0;0;0;0
Nicolas Cozza;0;0;0;0
Alessio Cragno;0;0;0;0
Crespo;0;0;0;0
Aaron Cresswell;0;0;0;0
Mamadou Coulibaly;0;0;0;0
Mamadou Coulibaly;0;0;0;0
Thibaut Courtois;0;0;0;0
Philippe Coutinho;0;0;0;0
João Costa;0;0;0;0
Finn Dahmen;0;0;0;0
Danilo D'Ambrosio;0;0;0;0
Alberto Dadie;0;0;0;0
Eric Curbelo;0;0;0;0
Sam Curtis;0;0;0;0
Iván Cuéllar;0;0;0;0
Pau Cubarsí;0;0;0;0
Ansu Fati;0;0;0;0
Peter Federico;0;0;0;0
Felipe;0;0;0;0
Luiz Felipe;0;0;0;0
Aitor Fernández;0;0;0;0
Kiko Femenía;0;0;0;0
Vincenzo Fiorillo;0;0;0;0
Kilian Fischer;0;0;0;0
John Fleck;0;0;0;0
Raúl Fernández;0;0;0;0
Rachad Fettal;0;0;0;0
Seydou Fini;0;0;0;0
Fernando;0;0;0;0
Fernando;0;0;0;0
Ichem Ferrah;0;0;0;0
Andrea Ferraris;0;0;0;0
André Ferreira;0;0;0;0
Aarón Escandell;0;0;0;0
Bernardo Espinosa;0;0;0;0
Maxime Estève;0;0;0;0
Oscar Estupiñan;0;0;0;0
Łukasz Fabiański;0;0;0;0
Karl Etta;0;0;0;0
Abde Ezzalzouli;0;0;0;0
Wladimiro Falcone;0;0;0;0
Fali;0;0;0;0
Romain Faivre;0;0;0;0
Ilhan Fakili;0;0;0;0
Simon Ebonog;0;0;0;0
Festy Ebosele;0;0;0;0
Enzo Ebosse;0;0;0;0
Ederson;0;0;0;0
Jean-Kevin Duverne;0;0;0;0
Julien Duranville;0;0;0;0
Paul Dummett;0;0;0;0
Hjalmar Ekdal;0;0;0;0
Hugo Ekitike;0;0;0;0
Emmanuel Ekong;0;0;0;0
Lilian Egloff;0;0;0;0
John Egan;0;0;0;0
Elif Elmas;0;0;0;0
Mohamed Elneny;0;0;0;0
Jaume Doménech;0;0;0;0
Carlos Dominguez;0;0;0;0
Mario Dominguez;0;0;0;0
Nicolás Domínguez;0;0;0;0
Giulio Donati;0;0;0;0
Jamie Donley;0;0;0;0
Gianluigi Donnarumma;0;0;0;0
Niklas Dorsch;0;0;0;0
Carlos Dotor;0;0;0;0
Cheick Doucouré;0;0;0;0
Douglas;0;0;0;0
Ismaël Doukouré;0;0;0;0
Tommy Doyle;0;0;0;0
Radu Drăgușin;0;0;0;0
Tim Drexler;0;0;0;0
Domingos Duarte;0;0;0;0
Martin Dúbravka;0;0;0;0
Farés Ghedjemis;0;0;0;0
Denis Genreau;0;0;0;0
Bryan Gil;0;0;0;0
David Gil;0;0;0;0
Mario Gila;0;0;0;0
Paulo Gazzaniga;0;0;0;0
Federico Gattoni;0;0;0;0
Francesco Gelli;0;0;0;0
Luca Gemello;0;0;0;0
Dennis Geiger;0;0;0;0
Klaus Gjasula;0;0;0;0
Ben Godfrey;0;0;0;0
Edoardo Goldaniga;0;0;0;0
Pierluigi Gollini;0;0;0;0
Gvidas Gineitis;0;0;0;0
Maxi Gómez;0;0;0;0
Iron Gomis;0;0;0;0
Papu Gómez;0;0;0;0
Iñaki González;0;0;0;0
Urko González;0;0;0;0
Enso Gonzalez;0;0;0;0
Fabio González;0;0;0;0
Mathieu Gorgelin;0;0;0;0
Kaide Gordon;0;0;0;0
Daniel Gore;0;0;0;0
Pablo Gozalbez;0;0;0;0
Ryan Gravenberch;0;0;0;0
Adrian Grbić;0;0;0;0
Ivo Grbić;0;0;0;0
Philipp Förster;0;0;0;0
Dimitri Foulquier;0;0;0;0
Wes Foderingham;0;0;0;0
Tiago Fonseca Morais;0;0;0;0
Pablo Fornals;0;0;0;0
Jonas Föhrenbach;0;0;0;0
Nathan Fraser;0;0;0;0
Marvin Friedrich;0;0;0;0
Jean Frederic N'Guessan;0;0;0;0
Niclas Füllkrug;0;0;0;0
Shiō Fukuda;0;0;0;0
Santiago García;0;0;0;0
Ulisses Garcia;0;0;0;0
Luca Garritano;0;0;0;0
Yarek Gasiorowski;0;0;0;0
Johan Gastien;0;0;0;0
Eric García;0;0;0;0
Gonzalo García;0;0;0;0
Jastin García;0;0;0;0
Javi Galán;0;0;0;0
Matteo Gabbia;0;0;0;0
Gerardo Fusco;0;0;0;0
Daniel Fuzato;0;0;0;0
Ignatius Ganago;0;0;0;0
Pablo Galdames Millán;0;0;0;0
Marin Pongračić;0;0;0;0
Nick Pope;0;0;0;0
Portu;0;0;0;0
Sanjin Prcić;0;0;0;0
José Pozo;0;0;0;0
Alejandro Pozo Pozo;0;0;0;0
Beñat Prados;0;0;0;0
Arnau Puigmal;0;0;0;0
George Pușcaș;0;0;0;0
Gustavo Puerta;0;0;0;0
Ivan Provedel;0;0;0;0
Domingos Quina;0;0;0;0
Nemanja Radonjić;0;0;0;0
Aleksandar Radovanović;0;0;0;0
Ionuț Radu;0;0;0;0
Boris Radunović;0;0;0;0
Axel Guessand;0;0;0;0
Mattéo Guendouzi;0;0;0;0
Niccolò Pisilli;0;0;0;0
Tommaso Pobega;0;0;0;0
Paul Pogba;0;0;0;0
Ole Pohlmann;0;0;0;0
Axel Gueguin;0;0;0;0
Ilia Gruev;0;0;0;0
Vicente Guaita;0;0;0;0
Andrés Guardado;0;0;0;0
Dominik Greif;0;0;0;0
Gio Reyna;0;0;0;0
Chadi Riad;0;0;0;0
Alexsandro Ribeiro;0;0;0;0
Rodrigo Ribeiro;0;0;0;0
Pepe Reina;0;0;0;0
Álex Remiro;0;0;0;0
Guillaume Restes;0;0;0;0
Jaïro Riedewald;0;0;0;0
Manuel Riemann;0;0;0;0
Clemens Riedel;0;0;0;0
Alberto Risco;0;0;0;0
Mihailo Ristić;0;0;0;0
Rémy Riou;0;0;0;0
Gorka Rivera Alonso;0;0;0;0
Sebastian Rode;0;0;0;0
Abdellah Raihani;0;0;0;0
Luca Raimund;0;0;0;0
Predrag Rajković;0;0;0;0
Jesurun Rak Sakyi;0;0;0;0
Aaron Ramsdale;0;0;0;0
Aaron Ramsey;0;0;0;0
Nathan Redmond;0;0;0;0
Federico Ravaglia;0;0;0;0
David Raya;0;0;0;0
Sergio Reguilón;0;0;0;0
Andrei Ratiu;0;0;0;0
Filippo Ranocchia;0;0;0;0
Grant Ranos;0;0;0;0
Nicolai Rapp;0;0;0;0
